0.86922055 0.49475214 0.0098998332 -8.310873 -0.49374092 0.86903095 -0.016579177 3.7237267 -0.016767031 0.0094748819 1.0002923 1.58871
0.86923701 0.49475169 0.0084264902 -8.2898006 -0.49378094 0.86903965 -0.014838017 3.7463322 -0.014627731 0.0086906878 1.000335 1.5680854
0.86953717 0.49420768 0.0093899565 -8.2220535 -0.49319983 0.86933839 -0.016637882 3.7116766 -0.016347077 0.009788218 1.0002989 1.5852801
0.86910665 0.49493977 0.010740945 -8.2819805 -0.49396503 0.86895061 -0.013867474 3.7443991 -0.016161088 0.0066998061 1.0003277 1.595829
0.87015069 0.49312943 0.0093605313 -8.2985458 -0.49213341 0.86995822 -0.015846277 3.7517884 -0.015919823 0.0091346856 1.0003127 1.5867101
0.86953098 0.49422643 0.0092330175 -8.3036308 -0.49324432 0.86934251 -0.015027178 3.7528725 -0.015416496 0.0084656375 1.0003265 1.5529636
0.86903518 0.49509236 0.009553914 -8.3022194 -0.49408939 0.8688401 -0.016208723 3.6977382 -0.016287027 0.0093177408 1.0003031 1.5860981
0.86931413 0.49458873 0.010218988 -8.2527704 -0.49359563 0.86913878 -0.015239203 3.6953638 -0.016381294 0.0081560435 1.0003117 1.5917228
0.86976266 0.49380553 0.0098852357 -8.216959 -0.49280936 0.86957926 -0.015579161 3.6778622 -0.016251152 0.0086309779 1.0003101 1.58689
0.8698501 0.49361697 0.011674792 -8.2721882 -0.49260384 0.86969578 -0.015697626 3.7154484 -0.017863348 0.0078548053 1.0002892 1.5953178
0.86936516 0.49451226 0.0099414196 -8.2858629 -0.49355176 0.86919904 -0.013287627 3.7015743 -0.01517601 0.006598983 1.0003427 1.5727783
0.86946511 0.49436367 0.0086756134 -8.2857323 -0.49339542 0.86927199 -0.014384418 3.6836724 -0.014615918 0.0081800343 1.0003411 1.5634131
0.87012076 0.49317479 0.010438757 -8.2921085 -0.49217823 0.86994869 -0.015247684 3.6914182 -0.016562792 0.0080819484 1.0003113 1.5675939
0.86921638 0.49478936 0.0094355317 -8.2714863 -0.49382886 0.86904103 -0.013464931 3.7172532 -0.014826098 0.0069984547 1.0003467 1.5594875
0.86967766 0.49400711 0.0077988654 -8.2740364 -0.49307522 0.86948943 -0.012141545 3.6766155 -0.012744777 0.0066698338 1.0003778 1.5702465
0.86924511 0.49473739 0.009548516 -8.3085155 -0.49372995 0.86904746 -0.016377714 3.7195363 -0.016361866 0.0094741387 1.0003029 1.6084569
0.87004137 0.49333251 0.009659661 -8.3277836 -0.49228859 0.86982548 -0.018445328 3.7145491 -0.017460544 0.011243785 1.0002656 1.5977098
0.86971349 0.49389178 0.01061808 -8.2480698 -0.49284655 0.86951911 -0.017950535 3.6795044 -0.018057318 0.01032929 1.0002652 1.5838143
0.86976916 0.49381664 0.0095211333 -8.2442989 -0.49286884 0.86960155 -0.012474861 3.6698163 -0.014405033 0.0061122519 1.0003601 1.5470753
0.86968863 0.4939515 0.0098469248 -8.259696 -0.49299702 0.86952311 -0.012835921 3.7085228 -0.014867245 0.0062628472 1.0003533 1.5744493
0.87023616 0.49297807 0.01023812 -8.3150349 -0.49198514 0.87006116 -0.015097831 3.7147343 -0.016312923 0.0080542266 1.0003182 1.5934082
0.87018317 0.49306828 0.010486442 -8.2551346 -0.49202809 0.86998868 -0.017683884 3.6890867 -0.01780192 0.010179467 1.0002739 1.6020445
0.86965191 0.49395227 0.012922472 -8.2542839 -0.49288195 0.86949944 -0.018068569 3.7021909 -0.020119535 0.0092933681 1.0002404 1.598066
0.86866075 0.49573466 0.011445933 -8.237175 -0.49463388 0.86845279 -0.020374311 3.7048936 -0.019996718 0.011985541 1.000214 1.6200191
0.86896157 0.49526051 0.0091371452 -8.2739716 -0.49425703 0.8687554 -0.01632175 3.7088232 -0.015982401 0.0096194493 1.0003136 1.5904726
0.86935556 0.49457598 0.0087590022 -8.3067608 -0.49360523 0.86916143 -0.014403193 3.7398984 -0.014699437 0.0081520099 1.0003471 1.5789669
0.86930948 0.49463794 0.0099088922 -8.3041029 -0.49366251 0.86913413 -0.014144646 3.7186654 -0.015571532 0.0073579522 1.0003405 1.5761758
0.86905742 0.49506998 0.010548295 -8.2753963 -0.49408695 0.86889046 -0.014353729 3.7205589 -0.016233802 0.007215545 1.000331 1.591988
0.86949772 0.49430582 0.010099433 -8.2579346 -0.49328119 0.86930054 -0.017100364 3.7040677 -0.017191537 0.0098385299 1.0002925 1.6039294
0.86986971 0.49365541 0.0098437183 -8.2542801 -0.49265301 0.86968076 -0.015962154 3.6826096 -0.016401179 0.0089879353 1.0003124 1.5939062
0.8699736 0.49341288 0.012429341 -8.2516518 -0.49234229 0.86980951 -0.018413423 3.7154849 -0.019853719 0.0098492671 1.0002408 1.6212389
0.86976457 0.49383494 0.010202013 -8.2808952 -0.49285355 0.86959356 -0.014493838 3.7226243 -0.015990747 0.0075316234 1.0003294 1.5774987
0.86959714 0.49416834 0.0083210673 -8.286768 -0.49321505 0.86940503 -0.013485817 3.6750515 -0.013861733 0.0075785238 1.0003616 1.5888391
0.86946565 0.49439657 0.0086942855 -8.2971678 -0.49341008 0.86926067 -0.015503113 3.6849685 -0.015182731 0.0091435537 1.0003289 1.6019242
0.87022096 0.49303085 0.010542594 -8.2752352 -0.4920232 0.87004465 -0.015717492 3.6804154 -0.016881339 0.0084433518 1.0003077 1.5965036
0.86998451 0.49343348 0.01124019 -8.2274647 -0.49239525 0.86980772 -0.017124444 3.6809196 -0.018184602 0.0093149245 1.0002773 1.5943408
0.8687309 0.49567756 0.0095924158 -8.2390251 -0.49464932 0.86851948 -0.017489769 3.6951666 -0.016958365 0.010401324 1.0002891 1.5973551
0.86837614 0.49630177 0.0095764212 -8.2485161 -0.49532518 0.86819291 -0.014367553 3.6830757 -0.015406184 0.0076873139 1.0003401 1.5879509
0.86905742 0.49512151 0.0090244561 -8.2651005 -0.49415413 0.86886913 -0.014002608 3.7030892 -0.014735893 0.0076646428 1.0003521 1.5630032
0.86966527 0.49403581 0.009701279 -8.2901936 -0.49303275 0.86947209 -0.015895024 3.7193019 -0.016247321 0.0089937644 1.0003169 1.580151
0.86985016 0.49373582 0.0083874241 -8.2942343 -0.49273285 0.86962891 -0.016654031 3.7404978 -0.015475698 0.010307617 1.000317 1.5836629
0.87025309 0.49297479 0.010982936 -8.2926912 -0.49195844 0.87008226 -0.016002899 3.6797082 -0.017404208 0.0084761512 1.0003029 1.6006497
0.86909109 0.49502301 0.011047195 -8.307169 -0.49400687 0.86891979 -0.015989795 3.7213542 -0.017473694 0.0083918711 1.000303 1.5865376
0.86891532 0.49536785 0.0093656378 -8.233592 -0.4943797 0.86872321 -0.015179463 3.7255571 -0.0156161 0.0085135782 1.0003338 1.5867107
0.86931759 0.49467295 0.0087855915 -8.2206669 -0.49367452 0.86910832 -0.016115751 3.7194755 -0.015567102 0.0096265282 1.0003245 1.5917351
0.87009978 0.49326056 0.010548785 -8.2467709 -0.49228388 0.86993843 -0.013787948 3.6685202 -0.015939226 0.0067584151 1.0003421 1.5712022
0.87000895 0.49340585 0.011326937 -8.2585964 -0.49241632 0.86985672 -0.014229195 3.7112069 -0.016834321 0.0067557259 1.0003288 1.5635104
0.87023747 0.49301639 0.010737345 -8.3033791 -0.49205208 0.87008458 -0.012900363 3.7135193 -0.015664708 0.0058979699 1.0003533 1.5577533
0.86923301 0.49482891 0.0087034199 -8.3190165 -0.49384844 0.86903292 -0.014945942 3.7303939 -0.014919556 0.0086481282 1.000344 1.5784836
0.86832017 0.49643737 0.0084556118 -8.255414 -0.4954488 0.86810851 -0.01564387 3.7543249 -0.015066066 0.0093491701 1.0003358 1.5828766
0.8692773 0.49473321 0.0097656129 -8.2638359 -0.49372819 0.86908489 -0.015908498 3.7305155 -0.01631636 0.0089610796 1.0003188 1.5825597
0.87070131 0.49224657 0.0084010167 -8.2889709 -0.49129727 0.87051469 -0.012860702 3.6848221 -0.013606147 0.0070269122 1.000376 1.558826
0.87060553 0.49238873 0.01004771 -8.2665195 -0.49142179 0.87043917 -0.013295703 3.6809204 -0.015253856 0.0065929368 1.000355 1.5723814
0.86954874 0.49424815 0.010502704 -8.276866 -0.4932301 0.86936653 -0.016293384 3.7071517 -0.017141502 0.0089406967 1.0003066 1.5840399
0.86936665 0.49455342 0.011242105 -8.2825108 -0.49350703 0.86918634 -0.017534353 3.7090862 -0.01839905 0.0096473983 1.0002761 1.6003658
0.8686561 0.49580172 0.011277727 -8.2884808 -0.49472636 0.86845934 -0.019056778 3.7339537 -0.019196747 0.01092517 1.0002468 1.5970532
0.86888772 0.49543911 0.0092270169 -8.3073683 -0.49442202 0.86867666 -0.01697343 3.762747 -0.016381249 0.010139259 1.0003053 1.5886658
0.86971825 0.49397272 0.0095379539 -8.2747517 -0.493007 0.8695429 -0.013570556 3.7241957 -0.014957417 0.007055419 1.0003554 1.573871
0.87048763 0.49258831 0.0108503 -8.2909851 -0.49158332 0.8703202 -0.015398158 3.6895077 -0.016985763 0.0080232481 1.0003154 1.5835505
0.87017226 0.49315014 0.010708948 -8.2852316 -0.49214277 0.8700003 -0.015611322 3.666018 -0.016972804 0.0082673728 1.0003138 1.5860087
0.86931187 0.49469581 0.0094503267 -8.323411 -0.49368954 0.86911213 -0.01623852 3.6867254 -0.016203264 0.0094043603 1.0003165 1.5911573
0.86904091 0.49519259 0.0085520344 -8.2933054 -0.49421567 0.86883914 -0.014880031 3.7144537 -0.014757062 0.0086598461 1.0003488 1.5769744
0.86879504 0.49561304 0.0092665739 -8.2879791 -0.49463829 0.86860818 -0.014350791 3.7517185 -0.01511997 0.0078392765 1.0003508 1.5726978
0.8698929 0.49367887 0.0094515746 -8.278966 -0.49271733 0.8697167 -0.013263045 3.6928282 -0.014727396 0.0068362188 1.0003638 1.5554762
0.86908382 0.49510565 0.0095534148 -8.2169123 -0.49415657 0.86891347 -0.01239335 3.6718211 -0.014397511 0.0060061873 1.000375 1.5491086
0.86963266 0.49413091 0.010070794 -8.2914057 -0.49310607 0.86943525 -0.016941207 3.7023342 -0.017082389 0.0097196735 1.0003035 1.5973015
0.86943942 0.49448615 0.0094443643 -8.2736034 -0.49341744 0.86919862 -0.019837428 3.763952 -0.017970333 0.012539107 1.0002563 1.6346509
0.86986142 0.49372938 0.01017893 -8.2969437 -0.49271876 0.86967432 -0.016009014 3.7252007 -0.016712472 0.0088639148 1.0003181 1.5813514
0.86935711 0.49461347 0.010410792 -8.2962656 -0.49363372 0.86918819 -0.014001624 3.6893749 -0.015932491 0.0069883564 1.0003467 1.5603715
0.86941487 0.49454439 0.0088493088 -8.3092251 -0.49357948 0.86922371 -0.013717277 3.702625 -0.014434768 0.0075142072 1.0003666 1.5693274
0.86928517 0.49474975 0.010184954 -8.2942638 -0.49379754 0.86912286 -0.012246748 3.6728671 -0.014870996 0.0055728662 1.0003729 1.5694462
0.86933959 0.49467069 0.0095456447 -8.2411499 -0.49369386 0.86915439 -0.014132583 3.6937137 -0.01524549 0.0075288187 1.0003557 1.5654268
0.86960471 0.49420482 0.0095673446 -8.2866325 -0.49322772 0.86942142 -0.01411237 3.7207899 -0.015249927 0.0075084926 1.0003558 1.57169
0.86972028 0.49398151 0.010674416 -8.2924795 -0.49300927 0.86955976 -0.013257332 3.6808972 -0.015789 0.0062227733 1.0003574 1.5719731
0.86912298 0.49506608 0.0091312332 -8.2726011 -0.49405095 0.86890823 -0.016728135 3.7509215 -0.016170224 0.0099813435 1.0003207 1.5967407
0.86904305 0.49524432 0.0069999956 -8.2025461 -0.49427786 0.8688156 -0.014811673 3.7059431 -0.013373979 0.0093683908 1.0003682 1.587096
0.86899483 0.49530828 0.00844773 -8.2460833 -0.49436289 0.86880666 -0.012412529 3.7004957 -0.013446731 0.0065670866 1.0003912 1.5683838
0.86992675 0.49363944 0.0099504283 -8.2925014 -0.49267542 0.86975747 -0.013031377 3.6937294 -0.015045288 0.0063897287 1.0003688 1.5643809
0.86953866 0.49430051 0.011229758 -8.288578 -0.49328044 0.86936796 -0.015823862 3.6795588 -0.017538989 0.0081734462 1.0003148 1.5877018
0.86938381 0.49463937 0.0078643952 -8.2898216 -0.49369949 0.86918914 -0.012063473 3.6933227 -0.012762492 0.0065631582 1.0003998 1.5659831
0.86910456 0.4951489 0.0068409932 -8.2888193 -0.4941622 0.86885923 -0.016216436 3.7360711 -0.013928822 0.010669126 1.0003494 1.5938102
0.86943156 0.49453181 0.0094812578 -8.2936039 -0.49352759 0.86923218 -0.015564986 3.74086 -0.015894588 0.0088085756 1.0003381 1.5840771
0.86966944 0.49407893 0.010959858 -8.2755175 -0.49305141 0.8694905 -0.016172649 3.726198 -0.017474521 0.0086151958 1.0003098 1.5776548
0.86984915 0.49376225 0.010996893 -8.2260981 -0.49277911 0.86969107 -0.013506087 3.6218784 -0.01618995 0.0062850732 1.0003486 1.5750704
0.86923093 0.49488124 0.0096577173 -8.2385807 -0.49389008 0.86904281 -0.014613194 3.6602454 -0.015580805 0.0078885378 1.0003462 1.5868956
0.86943668 0.49453595 0.0087565547 -8.2877951 -0.49353603 0.86922526 -0.015725587 3.7155199 -0.015343597 0.0093066981 1.0003384 1.5836626
0.87001616 0.49348858 0.010139458 -8.3159466 -0.49249947 0.86983961 -0.01429361 3.7200854 -0.015829936 0.0073980163 1.000348 1.5770878
0.86987251 0.49373028 0.010746242 -8.2921438 -0.49273184 0.86970401 -0.014632635 3.6787863 -0.016526591 0.0073889047 1.0003371 1.5749861
0.86922187 0.49489611 0.010166141 -8.2763987 -0.49388954 0.86903691 -0.01541368 3.6739595 -0.016417863 0.0083320821 1.0003333 1.585035
0.86747634 0.49796391 0.009666984 -8.2657089 -0.49691287 0.86725181 -0.018413186 3.7676706 -0.01750464 0.011122779 1.0002881 1.5893686
0.86916232 0.49498218 0.011094878 -8.2955437 -0.49394202 0.86897957 -0.016923655 3.7198143 -0.01797091 0.0091827996 1.000298 1.5966301
0.87037855 0.49285486 0.010154473 -8.2922192 -0.49187329 0.87020743 -0.013880756 3.690799 -0.015634108 0.0070429277 1.0003544 1.591171
0.86991626 0.49367875 0.0097584985 -8.2754145 -0.49270505 0.8697412 -0.013585529 3.6865437 -0.015150991 0.0069666672 1.0003612 1.5714082
0.86910832 0.4950721 0.011257038 -8.2769232 -0.49404719 0.86893773 -0.016088355 3.7268169 -0.017700104 0.0083751036 1.0003089 1.5930579
0.87046254 0.49272102 0.0095852222 -8.2812414 -0.49173382 0.87027776 -0.014575968 3.7162433 -0.015479219 0.0079305051 1.0003502 1.576023
0.87006706 0.49344221 0.0085384501 -8.2367897 -0.49246323 0.86986572 -0.014605559 3.6872342 -0.014590028 0.0084594265 1.0003598 1.5735065
0.86968505 0.49407995 0.010501893 -8.3213644 -0.49306554 0.86950314 -0.01580184 3.7304873 -0.016892828 0.0085193049 1.0003234 1.6043929
0.87050468 0.49264613 0.0099507282 -8.3160887 -0.4916046 0.87029642 -0.017656233 3.6950204 -0.017310174 0.010431913 1.0002985 1.6078959
0.86960942 0.49425232 0.0086245118 -8.285779 -0.49327189 0.86940819 -0.014625804 3.6779611 -0.014682309 0.0084208995 1.0003601 1.5612917
0.86893457 0.49540383 0.010578497 -8.3073721 -0.49445942 0.86878276 -0.011341893 3.7095814 -0.014767357 0.0045819879 1.0003839 1.5676699
0.86904466 0.49521354 0.010465428 -8.2975731 -0.49424151 0.86888134 -0.013206961 3.6876364 -0.01558941 0.006261114 1.0003622 1.5821319
0.86960942 0.49425745 0.0086958557 -8.2701759 -0.49323323 0.86938226 -0.017439956 3.7068126 -0.016131574 0.010831273 1.000315 1.595996
0.86986953 0.49380395 0.0086394818 -8.2616501 -0.49280298 0.86965555 -0.015943371 3.7236474 -0.01533947 0.0095666982 1.0003407 1.5727125
0.86983746 0.49384445 0.0095019341 -8.2672358 -0.49287105 0.86965626 -0.013677614 3.7214766 -0.014973402 0.007170599 1.0003666 1.5546387
0.86959499 0.49425477 0.010466577 -8.3207684 -0.493285 0.86943167 -0.013000977 3.6580524 -0.015481372 0.0060990802 1.0003654 1.5614951
0.86891472 0.49546927 0.0097554503 -8.2824488 -0.49447283 0.86872506 -0.015043681 3.7141171 -0.015881691 0.0082034944 1.0003437 1.5744014
0.8696329 0.49422288 0.0089134099 -8.2384586 -0.49317807 0.86939591 -0.01848481 3.7078161 -0.016834503 0.011633031 1.0002941 1.6033964
0.86977077 0.4939768 0.0092007564 -8.2497931 -0.49294648 0.86955464 -0.017224999 3.6995082 -0.01646032 0.010401138 1.0003144 1.5935175
0.86949629 0.4944464 0.0099360449 -8.300354 -0.49347904 0.8693276 -0.012829151 3.7298272 -0.014936484 0.0062088496 1.0003724 1.5626943
0.86957407 0.49431226 0.0098552555 -8.3208199 -0.49334607 0.86940521 -0.012683516 3.7138891 -0.014793536 0.0061246711 1.000375 1.5594509
0.86960572 0.49422529 0.011325347 -8.3037376 -0.49317327 0.86942637 -0.017182702 3.715718 -0.018288977 0.0093106152 1.0002916 1.5975029
0.86939853 0.494634 0.0091996854 -8.2428885 -0.49362582 0.86919588 -0.015806552 3.677382 -0.015767142 0.0091568651 1.0003355 1.5763738
0.86929744 0.49480769 0.0094257304 -8.2424212 -0.49385011 0.86912501 -0.012274233 3.6757572 -0.014221768 0.0059731505 1.0003827 1.5676187
0.86931849 0.49474415 0.010801517 -8.3412895 -0.49376482 0.86916137 -0.013178786 3.7389956 -0.015863251 0.0060798484 1.0003576 1.5628432
0.87047023 0.49268264 0.012053 -8.3037939 -0.49167767 0.87032902 -0.014216199 3.6584547 -0.017447576 0.0064039011 1.0003291 1.572654
0.86912388 0.49509656 0.010375759 -8.2239761 -0.49408561 0.86894405 -0.015352138 3.6785712 -0.016569395 0.0081719235 1.0003315 1.5718431
0.86900151 0.49534619 0.008642314 -8.2279739 -0.49436468 0.86880243 -0.014486273 3.7234108 -0.014637965 0.0082729608 1.0003625 1.5653853
0.86889333 0.49552584 0.009259616 -8.2209358 -0.49455684 0.86871219 -0.013305824 3.6905892 -0.014592172 0.0069392077 1.0003732 1.5815172
0.8690452 0.4952141 0.011478283 -8.2571125 -0.49422285 0.86889517 -0.013779694 3.6989996 -0.016751084 0.0062580467 1.0003439 1.5916612
0.86976159 0.49395537 0.011440942 -8.3010473 -0.49293262 0.86959869 -0.015617108 3.6937416 -0.017614918 0.0078980569 1.0003179 1.5760413
0.87037933 0.49290442 0.0096158339 -8.3228207 -0.49192125 0.87019962 -0.01402902 3.6556978 -0.015236606 0.0074370587 1.0003622 1.5716194
0.86982751 0.49389172 0.0091775302 -8.2883282 -0.49292612 0.86964744 -0.012974456 3.6831422 -0.01434432 0.0067193215 1.0003817 1.5570058
0.86860132 0.4960542 0.0089252014 -8.2782173 -0.49510279 0.86842144 -0.012116618 3.7411304 -0.013717383 0.0060640317 1.0003949 1.5601156
0.86944854 0.49453938 0.010317991 -8.282589 -0.49354175 0.86927438 -0.014537988 3.7057042 -0.016111417 0.0075037302 1.0003467 1.578567
0.87064099 0.49244457 0.0098708821 -8.2692318 -0.49141541 0.87044328 -0.016674818 3.6610656 -0.016753674 0.0096221268 1.0003173 1.5923653
0.87069857 0.49235672 0.0093198605 -8.2569561 -0.49135488 0.8705045 -0.01529462 3.6457043 -0.015595127 0.0086939549 1.0003458 1.574277
0.86980271 0.49394834 0.0089376243 -8.274292 -0.49298677 0.8696214 -0.012777787 3.6655989 -0.014038263 0.0066662347 1.0003849 1.5702618
0.86922556 0.4949612 0.0092208143 -8.3313932 -0.49398598 0.86904186 -0.013611233 3.7172234 -0.01470365 0.0072337217 1.0003722 1.5568169
0.86963403 0.49421254 0.010816278 -8.3230486 -0.49317139 0.86945003 -0.016826326 3.6992259 -0.017669475 0.0092529953 1.0003083 1.569319
0.86961591 0.49424973 0.010681766 -8.2894821 -0.49321252 0.86943048 -0.016622107 3.7093153 -0.017452192 0.0091412384 1.0003124 1.5947772
0.86934572 0.49475625 0.0092970366 -8.2723894 -0.4937309 0.869133 -0.016663792 3.7439361 -0.016274773 0.0098521039 1.0003271 1.5967752
0.86920059 0.4950178 0.0090313191 -8.2642899 -0.49402085 0.86899871 -0.015055568 3.7282448 -0.015252934 0.0085815201 1.0003575 1.5844507
0.86963838 0.49424309 0.0093961852 -8.2965126 -0.49322966 0.86943442 -0.015876412 3.7414846 -0.015967036 0.0091284364 1.0003425 1.5787339
0.86911446 0.49512491 0.011357496 -8.2647228 -0.49409804 0.86894369 -0.015673354 3.7516828 -0.01757988 0.0079655414 1.0003244 1.5778574
0.86922991 0.49494258 0.010520837 -8.2661133 -0.49395224 0.86905861 -0.013793397 3.710258 -0.015922811 0.0067499741 1.0003617 1.5725715
0.87035698 0.49296454 0.010110301 -8.3449507 -0.49195015 0.87016773 -0.015450523 3.7202291 -0.016365197 0.0084300293 1.0003424 1.5938874
0.87000549 0.49359679 0.0096166963 -8.2937593 -0.49256623 0.86979651 -0.0167112 3.6787395 -0.016562808 0.0097578513 1.0003277 1.5911827
0.86935663 0.49475259 0.0091307368 -8.2406492 -0.49372962 0.86913854 -0.016557354 3.6941724 -0.016077124 0.009842407 1.0003346 1.5897936
0.86944759 0.49460664 0.0086414851 -8.2299824 -0.49358678 0.86922044 -0.016595827 3.7031603 -0.015668953 0.010120497 1.0003382 1.5904037
0.86981678 0.493947 0.0091626467 -8.243741 -0.49293643 0.86960787 -0.015670529 3.6780219 -0.015658353 0.0090708155 1.0003481 1.5841677
0.86971617 0.4941043 0.010280147 -8.2960758 -0.49308363 0.86952525 -0.015699292 3.6550925 -0.016645553 0.0085411901 1.0003363 1.5878513
0.86900675 0.49536175 0.0099239815 -8.321187 -0.49433506 0.86880416 -0.016248805 3.7064717 -0.016620032 0.0091706635 1.0003315 1.5808246
0.86892837 0.49548775 0.010498361 -8.3069248 -0.49445406 0.86873621 -0.016317841 3.7513273 -0.017154239 0.0089438893 1.0003233 1.5861827
0.86979818 0.49398917 0.0089942832 -8.2423983 -0.49300349 0.86960155 -0.014091928 3.6855788 -0.014733903 0.0077810758 1.0003717 1.569981
0.8696534 0.4942373 0.0095391339 -8.2585697 -0.49323526 0.8694551 -0.014877199 3.7303886 -0.015596889 0.0081906356 1.000356 1.5809251
0.87009197 0.4934417 0.010723907 -8.2766609 -0.49242052 0.86990851 -0.015449427 3.7162106 -0.016901113 0.0081184255 1.0003345 1.5947964
0.86969084 0.49418736 0.0090270843 -8.3109512 -0.49318716 0.86948174 -0.015042558 3.7144248 -0.015231832 0.0085883746 1.0003577 1.5845459
0.86879969 0.49574593 0.0095277559 -8.3374138 -0.49470896 0.86857826 -0.017085429 3.7008116 -0.016692076 0.010086706 1.00032 1.5944656
0.86954886 0.49442798 0.0095073879 -8.312644 -0.49343982 0.86935562 -0.013959638 3.6435671 -0.015117081 0.007405662 1.0003681 1.5728546
0.86979049 0.49399823 0.0097808549 -8.2369318 -0.49298495 0.86958939 -0.015400558 3.6765695 -0.016061103 0.0085308533 1.0003444 1.5810544
0.86974484 0.49407157 0.010373255 -8.2519093 -0.49303353 0.86954099 -0.016543256 3.7215831 -0.017139386 0.0092305765 1.0003208 1.585286
0.86999553 0.49363273 0.010183306 -8.2499475 -0.49258274 0.86978191 -0.01736878 3.7181802 -0.017376048 0.01005073 1.0003088 1.5993707
0.86919308 0.49507791 0.0086566145 -8.2928085 -0.49407834 0.86897522 -0.015064942 3.7259204 -0.014928367 0.0087760426 1.0003598 1.5727803
0.86879867 0.49578914 0.0077195093 -8.3289738 -0.49481657 0.86857724 -0.013665263 3.7240062 -0.013429706 0.0080132671 1.0003889 1.5656011
0.87059951 0.4926134 0.0079542669 -8.3341007 -0.49161068 0.87036699 -0.015554223 3.7010617 -0.014532718 0.0095905066 1.0003597 1.5837823
0.86996061 0.49369654 0.010498146 -8.3197556 -0.49266988 0.86976635 -0.015633238 3.7547572 -0.016795751 0.0083859628 1.0003355 1.5891604
0.87030274 0.49307013 0.011564832 -8.2816591 -0.49202695 0.8701241 -0.016043637 3.7050517 -0.017919537 0.0082295332 1.0003176 1.5896517
0.86964762 0.49425614 0.010231014 -8.2471924 -0.49321553 0.86944097 -0.016601589 3.7098448 -0.017046276 0.0093487706 1.0003229 1.5848094
0.86958557 0.49437544 0.0098024048 -8.278573 -0.49334675 0.86937624 -0.01614522 3.6686852 -0.016450059 0.0091615887 1.000335 1.5932508
0.86987561 0.49390072 0.0079999268 -8.2881441 -0.49291977 0.86965793 -0.014019405 3.6827464 -0.013830148 0.0082120681 1.0003843 1.5576695
0.87007016 0.49354181 0.0090044588 -8.3139706 -0.49253845 0.86985999 -0.014969709 3.7238991 -0.01516816 0.0085485671 1.0003623 1.5772771
0.86890119 0.49560857 0.0085870633 -8.2562551 -0.49457359 0.86866027 -0.017256891 3.756182 -0.015956908 0.010705303 1.0003297 1.5910915
0.86987007 0.49389693 0.0091051888 -8.2733431 -0.49290183 0.86966568 -0.01432227 3.7096071 -0.014940372 0.0079298932 1.0003722 1.5758013
0.86971825 0.49413198 0.010768848 -8.2883091 -0.49311647 0.86953664 -0.014807278 3.6780241 -0.016627777 0.0075259735 1.0003483 1.5809784
0.87011963 0.4934409 0.010079787 -8.2829199 -0.49241608 0.86992007 -0.015655078 3.6922314 -0.016439816 0.0086164121 1.0003434 1.5946796
0.86958647 0.49440634 0.0088707609 -8.2843037 -0.49337274 0.86935484 -0.016932808 3.6961815 -0.016028453 0.010306072 1.0003331 1.5881238
0.86959189 0.49440816 0.0082904901 -8.2413387 -0.49341533 0.86937338 -0.01461761 3.6842339 -0.01438221 0.0085806819 1.000375 1.5830559
0.86978191 0.49407858 0.0080945557 -8.2554331 -0.4931297 0.86958355 -0.011496931 3.6468806 -0.012670284 0.0059703006 1.0004182 1.5606674
0.86986411 0.49388924 0.010400623 -8.2996397 -0.49291554 0.8696937 -0.012392364 3.6777241 -0.015115234 0.0056131417 1.0003852 1.5602562
0.86996585 0.49372467 0.0097342655 -8.2543421 -0.49271333 0.86976635 -0.015107308 3.7007425 -0.015871938 0.0083054053 1.0003546 1.5907819
0.8699277 0.49379584 0.0096678557 -8.2601051 -0.49278271 0.86972582 -0.015187632 3.6945891 -0.015854269 0.0084069865 1.0003539 1.6051686
0.86945188 0.49464485 0.0090035871 -8.2913961 -0.49362946 0.86923355 -0.015755715 3.7149551 -0.01556557 0.0092133544 1.0003501 1.5990669
0.86977804 0.49407402 0.0088312635 -8.2849483 -0.49305812 0.86955613 -0.015858956 3.7090151 -0.01546044 0.0093984716 1.000349 1.5830717
0.86873651 0.49598554 0.0014154013 -8.2497339 -0.49512514 0.86851537 -0.0040406049 3.7080798 -0.0031938627 0.002780745 1.0005057 1.5533843
0.86674875 0.49945861 -0.00024225653 -8.2428131 -0.49860668 0.86652702 0.00063571386 3.7014456 0.00056155521 -0.00045467934 1.0005139 1.5589828
0.86024934 0.51051772 -0.0086160004 -8.186573 -0.50973934 0.85993814 -0.011708043 3.5906422 0.0014783026 0.014435831 1.0004089 1.5697778
0.85200119 0.52419311 -0.0081815831 -8.0710897 -0.52336967 0.85138083 -0.026156595 3.544724 -0.0066828267 0.026529135 1.0001397 1.6486456
0.84422159 0.53661573 -0.010257025 -7.9583197 -0.53585285 0.84361422 -0.024665443 3.4042706 -0.0045220829 0.026283158 1.0001594 1.6580123
0.83789045 0.5464257 -0.012037368 -7.8462481 -0.54571927 0.83738071 -0.020103097 3.3374968 -0.00084937958 0.023380907 1.0002425 1.6109821
0.83160383 0.55582613 -0.017124649 -7.7264767 -0.55524558 0.83109182 -0.019973109 3.2232392 0.0031855204 0.026088383 1.0001711 1.5422308
0.8280071 0.56104195 -0.02107049 -7.7299948 -0.56054592 0.82759398 -0.016716493 3.0932617 0.0081099896 0.025626929 1.000156 1.5920022
0.83131152 0.55543524 -0.034894373 -7.5231509 -0.55501664 0.83148175 -0.0028242923 3.0800028 0.027478298 0.021706872 0.99990571 1.5849264
0.82491446 0.56453812 -0.04039561 -7.3651333 -0.56436431 0.82513928 -0.0063440278 2.9944441 0.029787056 0.02802383 0.99968332 1.6549251
0.82464558 0.5652141 -0.036293022 -7.1529074 -0.56488264 0.82479751 -0.0045821709 2.8569419 0.027379587 0.024271643 0.99985248 1.6658707
0.82530892 0.56431842 -0.035155352 -6.9830041 -0.56383103 0.82553029 5.441595e-06 2.7646246 0.02905507 0.019811591 0.99990332 1.6003398
0.82653004 0.56254333 -0.034891158 -6.9249587 -0.56205457 0.8267411 -0.0001961649 2.6772404 0.028765792 0.019767156 0.99991423 1.5501173
0.82200038 0.56942439 -0.030104708 -6.6594877 -0.56900239 0.82194215 -0.0067804558 2.566884 0.020921871 0.022689948 1.0000478 1.6248306
0.82185221 0.57033628 -0.010632785 -6.4648986 -0.56943393 0.82162243 0.008832206 2.340868 0.013796913 -0.0012164123 1.000429 1.7376362
0.82806009 0.56133944 -0.0064182016 -6.284626 -0.56017631 0.82759601 0.026414596 2.2777052 0.020143293 -0.018279357 1.0001557 1.540123
0.82920051 0.55962497 -0.0085637234 -6.091341 -0.55849677 0.82883602 0.022902166 2.2226107 0.019922635 -0.014210725 1.000226 1.4787154
0.82896209 0.5599879 -0.008135871 -5.8660412 -0.55897009 0.8286584 0.017085368 2.0976977 0.016324211 -0.0096229073 1.0003465 1.5943978
0.82865721 0.56029761 -0.015064181 -5.6120338 -0.55912352 0.828453 0.021525977 1.9102765 0.024550056 -0.0094151152 1.0001787 1.6967211
0.83277851 0.55404013 -0.018676028 -5.3092122 -0.55245525 0.83251661 0.03372686 1.6990299 0.034228906 -0.017758625 0.99978238 1.6629432
0.83679926 0.54781908 -0.021998109 -5.117609 -0.54594475 0.83654422 0.039698932 1.5901446 0.040137611 -0.021193268 0.99949622 1.6108196
0.84006178 0.54267073 -0.024926381 -4.8878503 -0.54083198 0.83996987 0.037367783 1.4817153 0.041205339 -0.017893262 0.9995172 1.5933954
0.84403455 0.536735 -0.018206863 -4.5955634 -0.53534162 0.84385496 0.027795104 1.3012326 0.030283837 -0.013706767 0.99997598 1.6371775
0.84882164 0.52920038 -0.015850194 -4.2513418 -0.52792728 0.84862185 0.024500895 1.103 0.026422022 -0.012426447 1.000103 1.6220326
0.85245252 0.52337462 -0.014196695 -3.9968133 -0.5222621 0.85227865 0.018454876 0.84097064 0.021770854 -0.0083199814 1.0002588 1.6230861
0.85631865 0.51688021 -0.01852674 -3.7387872 -0.51573646 0.85625237 0.018321449 0.68864161 0.025345305 -0.0061340462 1.0001903 1.6498135
0.86200041 0.5071612 -0.022848615 -3.4066207 -0.50610691 0.86206794 0.014066065 0.55223823 0.026846331 -0.00056117284 1.0001713 1.6824529
0.86625648 0.49934348 -0.032005243 -3.0405841 -0.49850303 0.86657226 0.007905175 0.40211916 0.031702582 0.0091080805 0.99998772 1.6733303
0.87076807 0.49133563 -0.033304721 -2.7423809 -0.49055955 0.87111461 0.0060659074 0.16438441 0.032014377 0.011056908 0.99995816 1.7096168
0.87773091 0.47897261 -0.030179888 -2.3913593 -0.47811055 0.87800765 0.0075804465 -0.039532788 0.030149354 0.0077760643 1.0000466 1.7120329
0.88309413 0.46919179 -0.026992494 -2.0469432 -0.46843305 0.88324761 0.0025459765 -0.12083129 0.025062097 0.010391008 1.0001636 1.6761999
0.88879943 0.4583846 -0.025058547 -1.6880305 -0.4575583 0.88893163 0.0042758612 -0.32533014 0.024260165 0.0076607442 1.0002073 1.715369
0.89323771 0.44936687 -0.029831387 -1.3008157 -0.44848624 0.89353102 0.0073004793 -0.45522889 0.029955689 0.0068585551 1.0000587 1.6661961
0.89830303 0.43949321 -0.024011537 -0.9214738 -0.43867281 0.89842272 0.0032099055 -0.64108831 0.023009092 0.0076442477 1.0002362 1.6821849
0.90418655 0.42734894 -0.021884389 -0.54448408 -0.42636225 0.90429389 0.0096576726 -0.84036046 0.023936268 0.00059567887 1.0002428 1.751158
0.90844584 0.41784567 -0.027865367 -0.12485358 -0.41672105 0.90872347 0.014396401 -0.9721908 0.031349175 -0.0014619955 1.0000371 1.7280833
0.90951729 0.41546386 -0.028491922 0.23660482 -0.41431102 0.90981477 0.015199125 -1.1479411 0.032247741 -0.0020140158 1.0000076 1.7338067
0.91141319 0.41160938 -0.023347475 0.61776185 -0.41039342 0.9115445 0.01794344 -1.329338 0.028677147 -0.0067684865 1.0000975 1.7221136
0.91103721 0.41256982 -0.021014307 0.99845421 -0.41144979 0.91112214 0.014916643 -1.4936703 0.025314189 -0.0049429839 1.0001996 1.7102112
0.91227019 0.40899158 -0.03359608 1.4116626 -0.4075619 0.91272467 0.022146253 -1.6818568 0.039722711 -0.0064975861 0.99972183 1.7312722
0.91371113 0.406528 -0.022432992 1.8890482 -0.40553835 0.91384739 0.0094086323 -1.8852966 0.024344224 0.00049861497 1.0002352 1.7708384
0.91471982 0.40443891 -0.018777141 2.3185587 -0.40347254 0.91477549 0.0082297912 -2.0135233 0.020526787 4.2826257e-05 1.0003213 1.8213325
0.91550392 0.40226138 -0.025878871 2.6453118 -0.40128553 0.91573268 0.0089140041 -2.2299142 0.027302001 0.00222386 1.0001566 1.7644548
0.91439605 0.40487859 -0.024283189 3.0748229 -0.40385741 0.91458333 0.010581131 -2.4488888 0.026509909 0.00013136044 1.0001808 1.7658783
0.91330588 0.40744564 -0.022416253 3.5418818 -0.40635681 0.91343737 0.01330558 -2.6209564 0.025912028 -0.0030428008 1.0001911 1.8152062
0.91346192 0.40713289 -0.021768073 3.9829481 -0.40602511 0.91357368 0.01412907 -2.7514007 0.025653455 -0.0040676729 1.0001938 1.8168944
0.91250092 0.40902078 -0.026317621 4.4711003 -0.40805295 0.91273499 0.0088064745 -2.9364426 0.027641769 0.0027030557 1.0001452 1.8074956
0.91090935 0.41299269 -0.018350815 4.8691225 -0.41191292 0.91093451 0.013737953 -3.1431174 0.022406185 -0.0049572685 1.000268 1.7919173
0.90690285 0.42161822 -0.020870503 5.2699165 -0.42032179 0.90692341 0.021654785 -3.3975163 0.028064953 -0.010861987 1.0000787 1.7574978
0.90145105 0.43314418 -0.021590576 5.7352223 -0.43165603 0.90140384 0.027896544 -3.6119878 0.031545043 -0.015818592 0.99991041 1.7936157
0.89183903 0.45249462 -0.024422409 6.1753716 -0.45135862 0.89198411 0.015690394 -3.8208106 0.028897149 -0.0029672284 1.0001123 1.7784067
0.88053221 0.4744139 -0.018787146 6.6024876 -0.47361472 0.88049024 0.00087475113 -4.0885839 0.016988471 0.0081169009 1.0003563 1.8479563
0.86821759 0.49679965 -0.013459527 6.9742255 -0.49604902 0.86800623 -0.0066320994 -4.406146 0.0084300358 0.01241527 1.0004203 1.8454485
0.8553223 0.51884836 -0.0067388653 7.3944473 -0.51801437 0.8550846 -0.0020506899 -4.6593037 0.0047367173 0.0052243527 1.000509 1.8607891
0.83944732 0.54422379 -0.0031778493 7.7764463 -0.54338288 0.83916879 -0.0030613276 -4.8589644 0.0010410133 0.0042732665 1.0005242 1.8083292
0.82397342 0.5674035 -0.0040021343 8.1208553 -0.56656343 0.8236841 0.00087644183 -5.0815349 0.0038298082 0.0015251 1.000525 1.817223
0.81108969 0.58564812 -0.0082064215 8.4380684 -0.58465213 0.81077427 0.015989879 -5.3845215 0.016036294 -0.0081780031 1.0003715 1.7651641
0.79572397 0.60632998 -0.011436233 8.7483301 -0.60507584 0.79533583 0.027025457 -5.7065878 0.025487516 -0.014581629 1.0001024 1.7966011
0.77953565 0.62706989 -0.0087990863 9.0732965 -0.62598336 0.77914423 0.021578303 -5.9945383 0.020399127 -0.011314947 1.000262 1.8596599
0.7636041 0.64632457 -0.012855428 9.3948154 -0.64542878 0.76333368 0.010670809 -6.2619123 0.016734684 0.00014039237 1.0003948 1.9485627
0.74776459 0.6646232 -0.011555619 9.7009706 -0.66388786 0.74739695 -0.0023292128 -6.5016699 0.0071288059 0.0093936566 1.0004642 1.936106
0.73279929 0.68118507 -0.0040298207 9.9423933 -0.68040854 0.73237425 -0.0038261085 -6.7389083 0.00038709599 0.005521372 1.0005186 1.8207684
0.72108698 0.69356328 0.0062966594 10.184524 -0.69281018 0.72063792 0.0053999382 -7.0643334 -0.00076122273 -0.008277365 1.0004995 1.7436334
0.7089048 0.70604426 0.00068332785 10.454263 -0.70525265 0.70843709 0.0077361125 -7.3441153 0.0050067659 -0.0059829694 1.0005034 1.7828376
0.70334888 0.71133858 -0.018620685 10.802957 -0.71074158 0.70295739 -0.004425846 -7.7046843 0.0099855792 0.016328096 1.0003505 1.8760966
0.71719939 0.69708925 -0.027061861 11.080453 -0.69682282 0.71645057 -0.021766486 -8.0510979 0.0042794901 0.034438465 0.99993199 1.9571811
0.74628592 0.66600931 -0.022523839 11.2999 -0.66558701 0.7452957 -0.029912494 -8.0644855 -0.0030626373 0.037277766 0.99983466 1.9522014
0.77015299 0.63859868 -0.0072477376 11.477099 -0.63773406 0.76942271 -0.026097933 -8.0652857 -0.011021779 0.024681382 1.00017 1.7957817
0.76996261 0.6388697 -9.1974434e-05 11.703918 -0.63804263 0.76957208 -0.0074452553 -8.3696051 -0.0046391622 0.0057623242 1.0005091 1.802784
0.75205094 0.65986401 -0.004228665 12.072878 -0.65907472 0.75161988 -0.0080358246 -8.7839708 -0.0020769751 0.0088028153 1.0004952 1.855298
0.73720628 0.67628372 -0.014217724 12.502428 -0.67564273 0.7366057 -0.016846046 -9.1462326 -0.00086213904 0.021994619 1.0002916 1.8669355
0.73210567 0.68164885 -0.02033386 12.722934 -0.68115145 0.73116058 -0.028222343 -9.3748779 -0.0042991093 0.034474984 0.99992734 1.8490448
0.73344332 0.68050873 -0.002143689 12.878379 -0.67957807 0.73280275 -0.023091244 -9.5578642 -0.01407798 0.018352229 1.000263 1.9025302
0.7380445 0.67537314 0.013963011 13.139168 -0.67454451 0.73775947 -0.0079751024 -9.6925621 -0.015640136 -0.0035681447 1.0004021 1.8119752
0.73000824 0.6841982 0.0012671824 13.399687 -0.68339354 0.72958338 -0.0061657247 -9.9254246 -0.0050975769 0.0036064666 1.0005115 1.782654
0.71444267 0.70017987 -0.019307012 13.620153 -0.69964302 0.71394736 -0.011162222 -10.279148 0.0060210694 0.021458453 1.0002823 1.9066287
0.71195889 0.70275402 -0.017537033 13.850275 -0.70213538 0.71156871 -0.0045351489 -10.556188 0.0093366858 0.015522398 1.000367 1.8783358
0.71279782 0.70189947 -0.017704353 14.104263 -0.70111209 0.71254903 0.0078379977 -10.715488 0.018147517 0.0068161613 1.0003443 1.8429604
0.70652145 0.70823544 -0.017088484 14.320422 -0.70751429 0.70622402 0.0038259863 -10.910023 0.014813538 0.0093738735 1.0003788 1.8692185
0.6992656 0.71553224 -0.010564831 14.571561 -0.71483594 0.69879347 -0.0063041048 -11.147619 0.0029187358 0.011936005 1.0004574 1.909676
0.69367486 0.72100228 -0.0067484635 14.809346 -0.72024196 0.69308269 -0.015082766 -11.402832 -0.0061408924 0.015289938 1.0003972 1.900789
0.69030803 0.72423345 -0.0061496841 14.952931 -0.72338217 0.68956298 -0.023655074 -11.657914 -0.012824805 0.020737367 1.0002348 1.7884755
0.68557346 0.72873688 -0.0034399349 15.201328 -0.72792035 0.68497777 -0.01652533 -11.844594 -0.0096283127 0.01379765 1.0003906 1.8377832
0.68352419 0.73066002 -0.0037991642 15.410109 -0.72989088 0.68299139 -0.01091903 -12.037794 -0.0053316033 0.010205504 1.0004665 1.8649808
0.67678326 0.73681116 -0.012702818 15.603222 -0.73616004 0.6762684 -0.0079711089 -12.301926 0.0027667095 0.014720783 1.000421 1.8922716
0.67422557 0.73910385 -0.015363833 15.747008 -0.73846346 0.67379248 -0.0029114245 -12.549561 0.0082441531 0.013288476 1.0004107 1.9091442
0.6736179 0.73957705 -0.018892279 15.947056 -0.73891824 0.67329556 0.0026214006 -12.765098 0.014696846 0.012179759 1.000351 1.8863684
0.6681484 0.74426532 -0.027229847 16.163034 -0.74375916 0.66794598 0.0016248843 -12.963033 0.019437814 0.019154506 1.0001612 1.8676001
0.65909612 0.75213444 -0.031369668 16.406097 -0.75169593 0.65899479 0.0028387718 -13.151529 0.022847537 0.021699492 1.0000367 1.8843263
0.65381062 0.75648648 -0.036898043 16.639042 -0.75544125 0.65424681 0.024430683 -13.401503 0.042638056 0.011911209 0.99955338 2.0426764
0.65788263 0.75245768 -0.045814853 16.837786 -0.75118613 0.65883929 0.031295747 -13.581273 0.053742569 0.013845362 0.99899244 1.9955416
0.64761591 0.76084948 -0.05297219 16.919382 -0.76120144 0.64799654 -0.00071496068 -13.926216 0.033829711 0.040779129 0.99912828 1.8942646
0.6447888 0.76505536 -0.0066986028 17.111849 -0.76414973 0.64389229 -0.02846943 -14.284417 -0.017395023 0.023430012 1.0001047 1.8456496
0.64660096 0.76268429 0.036459733 17.461967 -0.76122308 0.64709628 -0.033786278 -14.454541 -0.04928945 -0.0059720636 0.99929696 1.7885678
0.64332926 0.76626575 0.0087211793 17.679876 -0.76458579 0.64252496 -0.04368544 -14.522713 -0.038990803 0.021372458 0.99954116 1.7184659
0.63525164 0.77286679 -0.015769424 17.822838 -0.77217793 0.63414943 -0.030541429 -14.834156 -0.013527685 0.031533577 0.99994338 1.8545922
0.62716627 0.77954608 -0.0095071923 17.946695 -0.77887684 0.62661809 -0.0059465799 -15.268736 0.0013693458 0.011108623 1.0004706 1.9325367
0.63630497 0.77199042 0.016361414 18.12044 -0.77137482 0.63534677 0.025519593 -15.493428 0.0093126819 -0.028866151 1.0000746 1.8415824
0.63342786 0.77452028 0.0031365359 18.412813 -0.77376974 0.63285321 0.010720802 -15.606856 0.0063447361 -0.0092332661 1.0004712 1.7083348
0.62405008 0.78199726 -0.012902904 18.641306 -0.7813772 0.62340707 -0.012344262 -15.860299 -0.001553727 0.017755244 1.0003737 1.7989944
0.62728846 0.77928019 -0.018882588 18.918015 -0.77877235 0.62645656 -0.020172456 -16.119728 -0.0038251658 0.027324174 1.0001519 1.9268529
0.64152306 0.76749277 -0.022976382 19.134035 -0.76708853 0.64088368 -0.013734987 -16.500862 0.0042423331 0.026408443 1.000177 1.9067709
0.67159969 0.74121356 -0.025926547 19.229477 -0.74076605 0.67127132 -0.0037769501 -16.715149 0.014650762 0.021724621 1.0001918 1.8509065
0.69792736 0.71652514 -0.024356198 19.403271 -0.71592319 0.69772327 0.0022182756 -16.862188 0.018621732 0.015876636 1.0002352 1.8396313
0.71454531 0.70025665 -0.012615131 19.632505 -0.69958413 0.7140367 -0.010747554 -16.981274 0.0015337936 0.01647768 1.0003961 1.8705808
0.72003365 0.69467223 -0.008564434 19.958513 -0.69389796 0.71938151 -0.019613856 -17.088684 -0.0074019358 0.020029429 1.0003057 1.9721245
0.72461027 0.68992507 -0.005768144 20.286314 -0.68895149 0.72374398 -0.030618221 -17.354614 -0.01687479 0.026114225 1.0000495 1.8924459
0.73317784 0.68079478 -0.0073464392 20.502209 -0.67996389 0.73248732 -0.022734715 -17.660292 -0.010030751 0.021625036 1.0002499 1.8469039
0.74890947 0.66344434 -0.0070897858 20.647249 -0.66267449 0.74849159 -0.0066349204 -17.888327 0.00095172471 0.0096411956 1.0004879 1.7776518
0.76434863 0.64553189 -0.010806829 20.883417 -0.64474648 0.76402783 0.00080075534 -18.004913 0.0088116359 0.0063373833 1.0004766 1.7521071
0.76810151 0.6410296 -0.012450384 21.171532 -0.64031887 0.76770252 -0.0082673654 -18.12064 0.0043070372 0.014297877 1.0004238 1.8310212
0.77020216 0.63862163 0.001939435 21.478544 -0.63777268 0.76982456 -0.008007776 -18.331974 -0.0065581584 0.0048996299 1.0005023 1.8927119
0.76778233 0.64152533 0.0032328437 21.75495 -0.64068872 0.76741898 -0.0055395379 -18.557302 -0.0059887297 0.0021520923 1.0005157 1.9016584
0.76666892 0.64285302 -0.0042299549 21.98806 -0.64202285 0.7661925 -0.014265975 -18.820621 -0.0058741583 0.013619333 1.0004251 1.8330092
0.76833993 0.64080685 -0.0088421525 22.268524 -0.64004236 0.76796001 -0.005813316 -19.026493 0.0031110002 0.010100991 1.0004798 1.8254962
0.77306634 0.63510293 -0.0080418224 22.527029 -0.63427454 0.7727465 0.0037874712 -19.253218 0.0086543383 0.002154906 1.0004967 1.8203847
0.77189511 0.63646418 -0.012200549 22.782694 -0.63569671 0.77158719 -0.00054985599 -19.479837 0.0091032954 0.0081608603 1.0004601 1.7907383
0.76952106 0.63940126 -0.0081183398 23.016636 -0.63861144 0.76917392 -0.0015173124 -19.714924 0.0053150747 0.0063298633 1.0005001 1.7776197
0.77240777 0.63594782 0.0042117271 23.279314 -0.63514054 0.77202743 0.0055299955 -19.891039 0.00029848627 -0.0069691082 1.0005114 1.8156651
