-0.68888748 0.72395164 -0.036475934 78.304756 -0.72199059 -0.68976176 -0.054390099 -78.074455 -0.064535491 -0.011133406 0.99785262 2.0710721
-0.68824559 0.72463489 -0.035042323 78.282707 -0.72261715 -0.68901515 -0.055541262 -78.063484 -0.064391606 -0.012903968 0.99784034 2.0324008
-0.6875422 0.72538745 -0.033230498 78.281792 -0.72335863 -0.68819022 -0.056089811 -78.092438 -0.063555606 -0.014526673 0.99787062 2.0417721
-0.68835676 0.72460538 -0.033446409 78.325325 -0.72262079 -0.68902701 -0.055332053 -78.088371 -0.063139178 -0.013919217 0.99790668 2.0661712
-0.68935472 0.72359306 -0.034788158 78.298431 -0.72162777 -0.69011521 -0.054726619 -78.065758 -0.063607477 -0.012622064 0.99789441 2.0646839
-0.68952632 0.72341502 -0.035092898 78.253616 -0.72143626 -0.69030297 -0.054873858 -78.111931 -0.063921086 -0.012519654 0.99787551 2.0464277
-0.6895389 0.72336894 -0.035800595 78.230186 -0.7213366 -0.6903525 -0.055569541 -78.166779 -0.064912058 -0.012493066 0.99781132 2.0455635
-0.68959057 0.72329205 -0.036398146 78.222511 -0.72122711 -0.69043714 -0.055942588 -78.151207 -0.065593086 -0.012325966 0.99777055 2.0399551
-0.68926823 0.7237491 -0.03335936 78.216667 -0.72167963 -0.68990892 -0.056646783 -78.151733 -0.064012319 -0.014969848 0.99783629 2.0663645
-0.68978834 0.72344244 -0.028992439 78.211647 -0.72146887 -0.69016171 -0.056252677 -78.133553 -0.060704343 -0.017885242 0.99799538 2.0545242
-0.69067132 0.72247046 -0.032025766 78.201401 -0.72048753 -0.69124019 -0.055580419 -78.171661 -0.06229201 -0.015313546 0.99794048 2.0235224
-0.69203275 0.72101796 -0.035198059 78.151093 -0.71901071 -0.69280249 -0.055222765 -78.248604 -0.06420128 -0.01290805 0.99785292 2.0368037
-0.69229209 0.72083271 -0.033893824 78.148407 -0.7186709 -0.69293815 -0.057880387 -78.245499 -0.065207727 -0.015711496 0.99774802 2.0443485
-0.69266331 0.72060567 -0.031022361 78.14077 -0.71856207 -0.69314253 -0.056778412 -78.257858 -0.062417172 -0.017036751 0.997904 2.0327706
-0.69209701 0.72120738 -0.029663086 78.098206 -0.7189635 -0.69242597 -0.060350273 -78.276817 -0.064063922 -0.020441536 0.99773568 2.0239894
-0.69441485 0.71888691 -0.031721994 78.075096 -0.71696162 -0.69496775 -0.054667939 -78.294067 -0.061345302 -0.015218732 0.99799973 2.0044432
-0.6944921 0.71922654 -0.020294815 78.014854 -0.71785355 -0.69452703 -0.048186064 -78.362251 -0.048751418 -0.018896263 0.99863106 2.0371909
-0.69376212 0.72021115 -0.0035087359 77.953773 -0.71948504 -0.69326615 -0.041593447 -78.43615 -0.032387871 -0.026331706 0.9991284 2.0686991
-0.69366443 0.72031075 -0.0028832988 77.865517 -0.71968299 -0.69321734 -0.038903747 -78.547592 -0.030020859 -0.024911299 0.9992398 2.0457687
-0.69641918 0.71763694 -0.0049716341 77.738777 -0.71691912 -0.69600278 -0.040174343 -78.765137 -0.032290213 -0.024414055 0.99918211 2.0233014
-0.69924623 0.71487862 -0.0057069613 77.612328 -0.71405333 -0.69878376 -0.042874422 -78.799759 -0.034637164 -0.025904866 0.99906611 1.9788218
-0.70142692 0.71272671 -0.007132696 77.523155 -0.7118113 -0.70097238 -0.044410907 -78.825233 -0.036651891 -0.026074085 0.99898946 1.9826183
-0.7016381 0.71250868 -0.008202685 77.365417 -0.7110467 -0.70085424 -0.056818634 -79.02198 -0.046231695 -0.034033749 0.99835241 1.9695371
-0.70350844 0.71067542 -0.0070630005 77.199043 -0.70897841 -0.70245266 -0.062647782 -79.308182 -0.049482603 -0.039065801 0.99801236 1.9500756
-0.70920318 0.70495772 -0.0099256225 77.034485 -0.70322359 -0.70832455 -0.061375611 -79.531006 -0.050296664 -0.036547717 0.99806696 1.9023937
-0.71123928 0.70284605 -0.013366646 76.786606 -0.70079434 -0.71040058 -0.065065369 -79.64341 -0.055225607 -0.036909673 0.99779391 1.8694558
-0.71134424 0.70275092 -0.012725892 76.669289 -0.70060837 -0.71039164 -0.067130208 -79.726974 -0.056215178 -0.03883668 0.99766535 1.8644353
-0.71045244 0.70376813 -0.00033852586 76.573997 -0.70232534 -0.70902705 -0.063531555 -79.830574 -0.044950459 -0.044898335 0.99798226 1.8742541
-0.71252906 0.70166016 0.0030084942 76.36657 -0.70071489 -0.71133441 -0.054966178 -80.039444 -0.036426529 -0.041273091 0.99848646 1.8233446
-0.71846843 0.69558024 -0.0026743871 76.114906 -0.69450617 -0.7175625 -0.052775547 -80.27758 -0.038627658 -0.03606011 0.9986065 1.7986491
-0.72281808 0.69106424 -0.0021470366 75.834663 -0.68971932 -0.72159857 -0.060060918 -80.609474 -0.043054175 -0.04193205 0.99819833 1.8028998
-0.72247839 0.69138682 0.0071661719 75.56842 -0.69061339 -0.72109193 -0.055723336 -80.876839 -0.033357903 -0.045207672 0.99842727 1.7876232
-0.72274971 0.69113839 -0.0018205291 75.43766 -0.68984622 -0.72155398 -0.059140634 -80.94191 -0.042186894 -0.041487686 0.99825501 1.7379117
-0.7261098 0.68759161 -0.0052127899 75.22847 -0.68612987 -0.72502059 -0.059972454 -81.187553 -0.045014795 -0.039969489 0.99819249 1.7115718
-0.72823423 0.68536198 -0.00069673511 74.895554 -0.68379354 -0.72663671 -0.066725351 -81.469879 -0.046236005 -0.048114881 0.99777794 1.6535252
-0.72978538 0.68370891 0.0014882638 74.567062 -0.68251818 -0.72838366 -0.060451116 -81.746895 -0.040245768 -0.045131668 0.99817765 1.6451004
-0.7308653 0.68255085 0.0027627964 74.240311 -0.68165678 -0.72969091 -0.054054588 -82.074127 -0.034877725 -0.041389473 0.99854255 1.6424054
-0.72687477 0.68679875 0.0032638307 73.931419 -0.68576372 -0.72550493 -0.058290292 -82.344734 -0.037664358 -0.044607528 0.99830252 1.5767921
-0.7256512 0.68810475 0.00057919638 73.702332 -0.68694037 -0.72437584 -0.05847273 -82.594765 -0.039814323 -0.042828266 0.99829727 1.5158046
-0.72511715 0.68866855 0.00065091322 73.390434 -0.6873979 -0.72372317 -0.061126009 -82.931946 -0.041622885 -0.044770468 0.99813861 1.5527513
-0.72234035 0.69158268 0.001581411 73.074371 -0.69026107 -0.72081733 -0.063216425 -83.287018 -0.042577852 -0.046754949 0.99800956 1.5146376
-0.72289056 0.69100899 0.0010076328 72.792648 -0.68981045 -0.72155213 -0.059665762 -83.561211 -0.040500887 -0.043826502 0.99822992 1.431191
-0.72057945 0.69340074 0.0050363 72.416275 -0.69217545 -0.71883768 -0.064819321 -83.886444 -0.041323695 -0.050193053 0.9978953 1.4038123
-0.71816564 0.69582433 0.011280882 72.050224 -0.69505757 -0.71639079 -0.060925007 -84.168556 -0.034309391 -0.051594734 0.99808794 1.3553746
-0.71743685 0.69662607 0.007726755 71.737259 -0.6959399 -0.71614379 -0.053300936 -84.495422 -0.0315952 -0.043617018 0.99855995 1.3798425
-0.71890789 0.69512653 0.0056257634 71.423851 -0.69421506 -0.71750617 -0.057298414 -84.904282 -0.035790928 -0.04509731 0.99835336 1.371618
-0.7199502 0.6940698 -7.112958e-05 71.049614 -0.6926139 -0.71845138 -0.064385533 -85.278679 -0.044736881 -0.046304643 0.99793714 1.2647904
-0.7163384 0.69779694 0.00097351213 70.70401 -0.69593889 -0.71433139 -0.073705412 -85.565399 -0.050733469 -0.053474762 0.99729228 1.164899
-0.71578211 0.69835603 -0.0041569113 70.442444 -0.69629532 -0.71410638 -0.072495185 -85.80806 -0.053593203 -0.048995547 0.99737304 1.133386
-0.7163263 0.6978119 -0.0012547369 70.034714 -0.69586939 -0.71446836 -0.073047698 -86.224205 -0.05186712 -0.051452085 0.99734116 1.1405391
-0.71702194 0.6970911 0.0035127895 69.671829 -0.69564527 -0.71519637 -0.067879558 -86.634979 -0.044803109 -0.051113978 0.99770063 1.0992502
-0.71728176 0.69682992 0.0023232913 69.252136 -0.69537902 -0.7155683 -0.066684984 -86.990692 -0.044802792 -0.049446527 0.99778521 1.049444
-0.7147128 0.69947112 0.00068816618 68.900146 -0.69754285 -0.71267229 -0.07463894 -87.375061 -0.051714282 -0.053824294 0.99722499 1.0335259
-0.7164287 0.69770789 -0.0031034823 68.553513 -0.69588453 -0.71486515 -0.068935052 -87.6894 -0.050312199 -0.047226451 0.99763101 0.99136716
-0.71536672 0.6988048 -0.0004201335 68.230743 -0.69723761 -0.71380436 -0.06621059 -88.05204 -0.04656532 -0.047071017 0.99782103 1.0003245
-0.71789306 0.69618011 -0.0066258367 67.882927 -0.69456494 -0.71681553 -0.061625406 -88.386818 -0.047649145 -0.039637428 0.99809337 0.97634232
-0.7203083 0.69371182 0.00018714972 67.447395 -0.69259721 -0.71913677 -0.056510229 -88.811508 -0.039064653 -0.040833592 0.99841744 0.94235116
-0.72209775 0.69184744 0.0012697929 67.031174 -0.6908071 -0.72091085 -0.055808514 -89.106812 -0.037692986 -0.041175634 0.99845666 0.83879852
-0.71961683 0.69442105 -0.0037545615 66.677864 -0.69297105 -0.71844286 -0.060613897 -89.472397 -0.044786341 -0.041016132 0.99817121 0.79966784
-0.72021902 0.69369751 -0.012269224 66.450256 -0.69196975 -0.71948141 -0.059719175 -89.79657 -0.050251912 -0.034520052 0.99815691 0.79114747
-0.7198292 0.69412577 -0.010820661 65.963837 -0.69240761 -0.71898985 -0.060552392 -90.202759 -0.049808219 -0.036093891 0.99812424 0.74425387
-0.72040969 0.69355071 -0.0089717275 65.558701 -0.69178188 -0.71938622 -0.062949635 -90.556526 -0.050110035 -0.039141882 0.99799502 0.64995277
-0.72033638 0.69367772 -0.0033971474 65.209152 -0.69218582 -0.71908975 -0.061896969 -90.970871 -0.04537655 -0.042234078 0.99809593 0.63153452
-0.72002202 0.69401389 -0.00023973767 64.85685 -0.69291431 -0.71890002 -0.055650674 -91.360611 -0.038792014 -0.039902698 0.99846965 0.6465748
-0.72111994 0.69286525 0.0036536301 64.484543 -0.69197834 -0.71991092 -0.054218534 -91.677238 -0.034933232 -0.041625459 0.99854213 0.55534685
-0.71952242 0.69452202 0.0040193386 64.127975 -0.69358522 -0.71822739 -0.055968776 -92.070702 -0.035981759 -0.043057222 0.9984445 0.4868986
-0.71879643 0.69528496 0.00080767157 63.662323 -0.69424611 -0.7176578 -0.055082317 -92.540535 -0.037715301 -0.040152371 0.99850291 0.52603436
-0.71964514 0.69440609 -0.001040333 63.254402 -0.6935578 -0.71883816 -0.047898564 -92.93557 -0.034006167 -0.033747397 0.99887276 0.53516495
-0.71938795 0.69467455 0.00012872674 62.747055 -0.6938917 -0.71856743 -0.047137488 -93.379562 -0.032650065 -0.033998545 0.99890935 0.44488713
-0.7195968 0.69445574 0.0012984795 62.317364 -0.69360387 -0.71861875 -0.05044369 -93.7761 -0.034095168 -0.037198886 0.99874634 0.35642177
-0.71830112 0.69578457 -0.0043993969 61.896671 -0.69473803 -0.71753669 -0.050252397 -94.217186 -0.038118947 -0.033039067 0.99874705 0.335141
-0.71838498 0.69569588 -0.0048544663 61.461277 -0.69474393 -0.71772975 -0.047320053 -94.681488 -0.036402199 -0.030620838 0.9988876 0.33479217
-0.72031319 0.69370902 -0.00339399 61.088844 -0.69281161 -0.7196098 -0.047117643 -95.027275 -0.035125855 -0.031587314 0.99890429 0.27388537
-0.71983898 0.6941725 -0.0073931408 60.641872 -0.69283408 -0.71903372 -0.054926295 -95.4338 -0.043441653 -0.034414507 0.99848384 0.21534994
-0.71944344 0.69442135 -0.016740559 60.171017 -0.69262427 -0.71898192 -0.058178991 -95.946571 -0.05243424 -0.030260105 0.99818653 0.13737708
-0.72093117 0.69289362 -0.016192233 59.756802 -0.69100916 -0.72037303 -0.060161225 -96.403053 -0.053346969 -0.03218155 0.99807894 0.13144366
-0.72308546 0.69077682 -0.0090894531 59.272114 -0.68923795 -0.72223693 -0.058110479 -96.79599 -0.046703238 -0.035752565 0.99829102 0.064126462
-0.72427291 0.68959218 0.00081503397 58.739983 -0.68845254 -0.72300512 -0.057880946 -97.259529 -0.039321996 -0.042481374 0.99834567 -0.019971645
-0.72162288 0.69235784 0.0034658576 58.290436 -0.6913029 -0.72022599 -0.058563456 -97.699379 -0.038047694 -0.04465507 0.99830073 -0.045018379
-0.72091937 0.69308096 -0.0049649822 57.950935 -0.69172233 -0.71991372 -0.057445955 -98.108658 -0.043386184 -0.037977979 0.99835998 -0.050606355
-0.72036362 0.69362885 -0.0082372557 57.505985 -0.69198054 -0.71937239 -0.061019231 -98.587349 -0.048247352 -0.038254231 0.99812651 -0.08954297
-0.72379214 0.69005674 -0.007836137 56.945969 -0.68828958 -0.72266001 -0.063861296 -99.137024 -0.049727727 -0.040826906 0.99795306 -0.16793042
-0.7253167 0.68849534 -0.0026531867 56.413712 -0.68665373 -0.72364134 -0.0700721 -99.627335 -0.05016093 -0.049000438 0.99756449 -0.24154505
-0.72386205 0.69002205 -0.0034177881 55.981808 -0.68811291 -0.72220391 -0.070586056 -99.986603 -0.051170792 -0.048740555 0.99752605 -0.30278343
-0.72170234 0.69228894 -0.00089108612 55.569328 -0.69057947 -0.72000408 -0.068953276 -100.44814 -0.048373725 -0.049146291 0.99764585 -0.31041378
-0.72056895 0.69342321 0.0079295225 55.071964 -0.69221729 -0.71853513 -0.067844033 -100.95789 -0.04134351 -0.054373149 0.99769092 -0.32005465
-0.72653937 0.68715781 0.0087834792 54.614635 -0.68631935 -0.72488427 -0.059763987 -101.38525 -0.034697078 -0.049447466 0.99820089 -0.39959097
-0.72692579 0.68680197 0.0022671497 54.054302 -0.68536299 -0.72517753 -0.066776626 -101.86753 -0.044214811 -0.050093491 0.99779338 -0.49255371
-0.72480953 0.68899506 -0.0078511732 53.525787 -0.68693787 -0.72343075 -0.069492482 -102.39795 -0.053556211 -0.044973508 0.99757993 -0.54867399
-0.72512919 0.68863142 -0.0099996235 53.083126 -0.6865167 -0.72389513 -0.068819046 -102.8632 -0.054625928 -0.043035805 0.99760795 -0.57937723
-0.72600758 0.68777674 -0.00061860844 52.553017 -0.68598151 -0.72417063 -0.071226679 -103.35482 -0.049432267 -0.051284634 0.99748969 -0.64807087
-0.7273072 0.68637818 0.0060016052 52.117462 -0.68510628 -0.72536266 -0.067419946 -103.75775 -0.041918602 -0.053144686 0.99773645 -0.68095165
-0.72687989 0.68684334 0.0042554396 51.640812 -0.68545854 -0.72498727 -0.067887194 -104.23603 -0.043539174 -0.05226076 0.99771392 -0.70446295
-0.72433698 0.68953705 -0.0015860972 51.149963 -0.68760705 -0.72246963 -0.072829731 -104.73455 -0.051360607 -0.051659834 0.99737501 -0.74283504
-0.72502363 0.6888153 -0.0022319297 50.674385 -0.68688852 -0.72322106 -0.072155081 -105.18359 -0.051311616 -0.050778177 0.99742407 -0.80067348
-0.72740471 0.68630272 0.0013701374 50.090221 -0.6847769 -0.72564405 -0.067774698 -105.75553 -0.045515861 -0.050235156 0.997733 -0.88131535
-0.7277354 0.68593162 0.0055131791 49.681244 -0.68468827 -0.72587579 -0.066172205 -106.2179 -0.041383851 -0.051927965 0.99782705 -0.89005661
-0.72745395 0.68622935 0.0057456554 49.169044 -0.68496978 -0.72555101 -0.066814765 -106.61973 -0.041677464 -0.052537497 0.99778301 -0.95577669
-0.72587019 0.68790823 0.005502529 48.584869 -0.68646717 -0.72377527 -0.070596397 -107.1532 -0.044576976 -0.055017956 0.99752456 -1.0294122
-0.72743785 0.68627161 0.001423208 48.097755 -0.68458039 -0.72548687 -0.071357116 -107.64688 -0.047933571 -0.052878991 0.99748504 -1.0949929
-0.72614545 0.68761152 0.006401394 47.73465 -0.68620241 -0.72398484 -0.071039595 -108.00026 -0.044209018 -0.055974528 0.9974879 -1.1204664
-0.72965461 0.68387687 0.007432139 47.305172 -0.68269515 -0.72765243 -0.067254066 -108.42912 -0.040581387 -0.054143075 0.99774325 -1.1575762
-0.72974133 0.68375486 0.0097690942 46.775681 -0.68267858 -0.72761166 -0.067872606 -108.94166 -0.039296016 -0.056195464 0.99768186 -1.1754683
-0.72790027 0.68572199 0.0092760446 46.28701 -0.68452007 -0.7256639 -0.070135437 -109.39317 -0.041357994 -0.057397984 0.9975304 -1.2080173
-0.72865325 0.6849221 0.0093995053 45.806496 -0.68395615 -0.7267307 -0.064376339 -109.85136 -0.037257828 -0.053333893 0.997917 -1.2476126
-0.72904414 0.68447512 0.011356001 45.210217 -0.68366957 -0.72712797 -0.062883541 -110.46384 -0.034780931 -0.053605396 0.99799329 -1.3375571
-0.73004371 0.68342316 0.010614566 44.771622 -0.68259764 -0.7281763 -0.062399782 -110.93222 -0.03491221 -0.052796707 0.99803221 -1.38773
-0.73328871 0.67997885 0.0079185925 44.364605 -0.67909408 -0.73161536 -0.060378887 -111.22472 -0.035259046 -0.049649417 0.99818188 -1.4348066
-0.73127931 0.68215561 0.0065126834 43.856434 -0.68102592 -0.72943151 -0.064884908 -111.66618 -0.039506923 -0.051880728 0.99790937 -1.4391413
-0.72863805 0.68500149 0.0029550181 43.281559 -0.68375129 -0.72701621 -0.063324675 -112.21059 -0.041225135 -0.048157766 0.99802679 -1.4582994
-0.72820818 0.68546206 0.0020809365 42.840717 -0.68412757 -0.72657621 -0.064299144 -112.74361 -0.042558592 -0.048243292 0.99796563 -1.5237266
-0.72968936 0.6838783 0.0039432426 42.377251 -0.68256521 -0.72789001 -0.06603308 -113.21041 -0.042284198 -0.050871484 0.99784696 -1.5671332
-0.73285544 0.68045712 0.0073062154 42.021152 -0.67951709 -0.73117083 -0.06102924 -113.49637 -0.036181733 -0.049686946 0.99814665 -1.6369462
-0.73545796 0.67762911 0.0086929621 41.605728 -0.67666465 -0.73357493 -0.063819274 -113.80929 -0.036864676 -0.052814759 0.99796289 -1.654649
-0.73514777 0.67799258 0.0064286385 41.145542 -0.67693853 -0.73339063 -0.063031159 -114.1487 -0.038015787 -0.050685294 0.99803042 -1.6507306
-0.72836858 0.6852873 0.004180911 40.66264 -0.68427181 -0.72691351 -0.058718294 -114.66341 -0.037195794 -0.045626018 0.99830443 -1.660103
-0.73130304 0.6821683 -0.0006312874 40.135067 -0.68117011 -0.73026454 -0.052920297 -115.26788 -0.036557868 -0.038267795 0.99863791 -1.697597
-0.73209012 0.68132091 0.0021653378 39.645378 -0.68041813 -0.73093373 -0.053359378 -115.74992 -0.034768268 -0.040534139 0.99861223 -1.7846918
-0.73580199 0.6773141 0.0013214609 39.283241 -0.67633253 -0.73461199 -0.054780569 -116.03319 -0.036128998 -0.041198172 0.99853754 -1.8346134
-0.73777431 0.67516065 -0.0030350282 38.911346 -0.67392063 -0.73665988 -0.056957476 -116.28526 -0.040687192 -0.039973106 0.99841267 -1.8872697
-0.73434001 0.67888427 -0.0049718623 38.495304 -0.67749965 -0.73325372 -0.058431465 -116.72057 -0.043309752 -0.039536737 0.99832094 -1.8755659
-0.73182774 0.68161052 -0.00046548521 38.076244 -0.68074751 -0.73091769 -0.049232289 -117.12548 -0.033893775 -0.035709761 0.99882984 -1.8677992
-0.7318753 0.68154174 -0.00505172 37.5667 -0.6805526 -0.73115486 -0.048406206 -117.66367 -0.036680665 -0.031986337 0.99885845 -1.9447781
-0.7340855 0.67917639 -0.0020566357 37.125771 -0.67813933 -0.73310947 -0.052544337 -118.1235 -0.037190635 -0.037173986 0.99866045 -2.0255079
-0.73698765 0.67602521 0.0026039968 36.77729 -0.67523944 -0.73592216 -0.050544139 -118.39604 -0.032248795 -0.039005347 0.9987635 -2.0541673
-0.73817074 0.67473775 -0.00077418506 36.471058 -0.67401075 -0.73741376 -0.044891622 -118.62 -0.030857263 -0.032612946 0.99903661 -2.0601115
-0.73344737 0.67984962 -0.0054516243 36.062965 -0.67896378 -0.73284042 -0.045157932 -118.99565 -0.034691863 -0.029416583 0.99901068 -2.0438807
-0.73514432 0.67790681 -0.013324267 35.763016 -0.67680466 -0.73482615 -0.045305304 -119.33977 -0.040499896 -0.024285261 0.99892992 -2.0935788
-0.7359376 0.67703199 -0.014067773 35.271347 -0.67594999 -0.73566967 -0.044386517 -119.76801 -0.040396459 -0.023153936 0.99896097 -2.12255
-0.73648793 0.67644799 -0.013387471 34.845688 -0.67538637 -0.73619372 -0.044299122 -120.10746 -0.039818037 -0.023581419 0.99897468 -2.1907299
-0.73719895 0.67561197 -0.016260544 34.521801 -0.67454582 -0.73705238 -0.0428157 -120.48703 -0.040907957 -0.020592714 0.99899781 -2.19347
-0.73634583 0.67650527 -0.017806107 34.213486 -0.67545635 -0.7362867 -0.04165566 -120.77631 -0.041286953 -0.018643271 0.99902141 -2.1967535
-0.73690975 0.67590046 -0.017489392 33.83548 -0.67501128 -0.73690403 -0.037778318 -121.08993 -0.038418837 -0.016031494 0.99918211 -2.212152
-0.73601013 0.67686653 -0.018055798 33.438698 -0.67587811 -0.73598981 -0.040053461 -121.43155 -0.040395956 -0.017273761 0.99908388 -2.2616639
-0.73772466 0.67493719 -0.020243339 33.099915 -0.67392874 -0.73779672 -0.039659098 -121.77676 -0.041699063 -0.015612273 0.99905914 -2.2889194
-0.73914546 0.67328554 -0.023254322 32.660851 -0.67224002 -0.73934513 -0.039481927 -122.18282 -0.043771561 -0.013547499 0.99900198 -2.321506
-0.73971087 0.67280626 -0.018725656 32.319046 -0.67183435 -0.73972183 -0.03935178 -122.48846 -0.040324163 -0.01652536 0.99910176 -2.3347938
-0.73918182 0.67348033 -0.015095321 32.097412 -0.6725083 -0.73901802 -0.041033395 -122.67772 -0.038787045 -0.020176189 0.99909711 -2.3721719
-0.73798722 0.67467403 -0.019587738 31.887117 -0.67370248 -0.73804003 -0.039011016 -122.88264 -0.04077258 -0.015590328 0.99910027 -2.395256
-0.73482603 0.67806363 -0.021363849 31.45664 -0.67712688 -0.73497576 -0.037570909 -123.28951 -0.041173812 -0.013138992 0.99912006 -2.3810058
-0.73045564 0.6825583 -0.02730036 30.917295 -0.68154019 -0.730865 -0.037977144 -123.82864 -0.045871057 -0.0091313682 0.99896002 -2.4421988
-0.72342283 0.69005358 -0.026144635 30.6747 -0.68912089 -0.72380298 -0.036410447 -124.03333 -0.044045251 -0.0083203837 0.99905032 -2.4620676
-0.7144655 0.69930691 -0.026611796 30.602495 -0.69845432 -0.71488976 -0.034645114 -124.1189 -0.043248698 -0.0061628702 0.99910134 -2.4780083
-0.70727277 0.70657396 -0.026813151 30.513321 -0.70570844 -0.7077111 -0.035051167 -124.29776 -0.043738775 -0.0058657289 0.99908245 -2.4829006
-0.69690359 0.71689337 -0.024269652 30.090023 -0.71593964 -0.69722432 -0.037663162 -124.71478 -0.043918204 -0.008868794 0.99905288 -2.528358
-0.69136024 0.7219913 -0.030854277 29.754084 -0.72105569 -0.69199556 -0.03649326 -125.06178 -0.047695186 -0.0029793275 0.99891543 -2.5583878
-0.68497175 0.72804779 -0.031045586 29.51012 -0.72728467 -0.68562865 -0.032907546 -125.40759 -0.04524051 4.0905768e-05 0.99903435 -2.5413208
-0.67739195 0.73530948 -0.025771303 29.286581 -0.73462421 -0.67783087 -0.03142067 -125.67052 -0.040569134 -0.0023492733 0.99923247 -2.5750544
-0.66866654 0.74324465 -0.026024597 29.113359 -0.74249196 -0.669119 -0.03316905 -125.79262 -0.042062666 -0.0028529435 0.9991703 -2.6197555
-0.65801269 0.75270635 -0.025709186 28.867535 -0.75197822 -0.6584627 -0.032764576 -126.06252 -0.041587073 -0.0022237678 0.99919271 -2.631444
-0.64928246 0.76019645 -0.027286138 28.611643 -0.75923169 -0.6497944 -0.038155578 -126.43905 -0.046732195 -0.0040538665 0.99896014 -2.680697
-0.64344049 0.76500762 -0.030986656 28.416874 -0.76404732 -0.64413708 -0.037975129 -126.7408 -0.049006976 -0.00075624854 0.99885964 -2.7247305
-0.63050294 0.77571708 -0.030701168 28.171392 -0.77488697 -0.63119864 -0.035549283 -126.99397 -0.046950996 0.0013788445 0.99895823 -2.6856191
-0.61314338 0.78947169 -0.031662099 27.997234 -0.78848904 -0.61390847 -0.039081011 -127.24398 -0.050287046 0.0010061089 0.99879766 -2.7193739
-0.59807271 0.80087346 -0.033535633 27.891493 -0.79998416 -0.59894478 -0.037662249 -127.46278 -0.050244801 0.0043061329 0.99879134 -2.7529984
-0.58192515 0.81269413 -0.033258751 27.681423 -0.81181765 -0.58279961 -0.03777327 -127.80728 -0.050077379 0.0050218627 0.99879766 -2.7748978
-0.56421816 0.8250311 -0.034600984 27.483391 -0.82412863 -0.56518501 -0.038852163 -128.10643 -0.051606193 0.0065976451 0.99871153 -2.8028774
-0.54675597 0.83671701 -0.034340326 27.360762 -0.83584166 -0.54772663 -0.038717166 -128.34917 -0.051200569 0.0075371792 0.99872619 -2.7958691
-0.52699155 0.84935647 -0.032994196 27.245764 -0.84844095 -0.52792197 -0.039800018 -128.57855 -0.051218878 0.0070220511 0.99872822 -2.8115578
-0.51116824 0.85891342 -0.034480717 27.141815 -0.85802794 -0.51219159 -0.039832994 -128.8028 -0.051869959 0.0092267096 0.99867743 -2.8808181
-0.49390104 0.86879832 -0.03827611 27.006035 -0.8677963 -0.49518386 -0.043176215 -129.1557 -0.056460805 0.011893958 0.99840188 -2.8847573
-0.47475007 0.87949044 -0.036363181 26.779373 -0.87824821 -0.47599301 -0.047514085 -129.52451 -0.05909244 0.0093817608 0.99827838 -2.8878193
-0.45657402 0.88925564 -0.031254891 26.686445 -0.88790548 -0.45755604 -0.049159903 -129.76273 -0.058012042 0.0053097326 0.99837226 -2.89922
-0.43944737 0.89791495 -0.029091736 26.634287 -0.89672506 -0.44031692 -0.046466555 -130.00839 -0.054528031 0.0056710206 0.99856728 -2.9588037
-0.41775653 0.90834844 -0.024413938 26.570005 -0.90734261 -0.41839033 -0.042861156 -130.29193 -0.049142901 0.0042496459 0.99885505 -2.9571729
-0.39771083 0.91728228 -0.025122298 26.477812 -0.91638863 -0.39838913 -0.04096042 -130.5056 -0.047576308 0.0067344387 0.9989174 -2.992126
-0.37389037 0.92712754 -0.029195718 26.335407 -0.92624259 -0.37479904 -0.041988574 -130.83698 -0.04986693 0.011345946 0.99876535 -3.002604
-0.34714925 0.93733269 -0.033211254 26.233347 -0.93641168 -0.34832346 -0.044374213 -131.21338 -0.053157214 0.015697373 0.99853641 -3.0159073
-0.31930909 0.94697672 -0.038513668 26.362904 -0.9465245 -0.32064572 -0.038034603 -131.33939 -0.04836335 0.024310706 0.99860829 -3.0363014
-0.29140657 0.95575821 -0.042576246 26.324862 -0.95585078 -0.29268301 -0.02932303 -131.56549 -0.040484197 0.03215171 0.99873769 -3.032268
-0.25385347 0.96648854 -0.040735107 26.112415 -0.96661067 -0.25502387 -0.028417928 -132.01994 -0.037851475 0.032160904 0.99884051 -3.015326
-0.21946879 0.97504884 -0.036253434 26.007196 -0.97494155 -0.220575 -0.031993236 -132.3584 -0.039188705 0.028323796 0.99890602 -3.0561614
-0.18696213 0.98189658 -0.033529602 26.041611 -0.98147148 -0.18814868 -0.038827691 -132.57733 -0.044430025 0.025649808 0.99875885 -3.1233678
-0.15246873 0.98773396 -0.036491472 26.112633 -0.98751426 -0.1537478 -0.037092198 -132.72412 -0.042244609 0.030380528 0.99872202 -3.1483893
-0.12081325 0.99185693 -0.042670138 26.111795 -0.99191427 -0.12234078 -0.036658343 -133.08406 -0.04157754 0.037895519 0.99849361 -3.1392541
-0.092712402 0.99495554 -0.040774804 26.103922 -0.99493599 -0.094207972 -0.037889291 -133.45346 -0.041536551 0.037054751 0.99852788 -3.1199279
-0.057446048 0.99805123 -0.028049402 26.146112 -0.99784219 -0.058321647 -0.033514787 -133.68468 -0.035082176 0.026063373 0.99912328 -3.0932951
-0.018057307 0.99970591 -0.021255806 26.254934 -0.99942422 -0.018677393 -0.031939629 -133.89557 -0.03232393 0.020667095 0.99934381 -3.1913724
0.014581033 0.99958163 -0.028491199 26.230606 -0.99957019 0.013782723 -0.029840495 -134.13947 -0.029432591 0.028913289 0.99922895 -3.2395027
0.046860758 0.99837047 -0.035316087 26.241337 -0.99860752 0.045857783 -0.030115075 -134.56624 -0.028444096 0.036676466 0.99900401 -3.1710181
0.074749023 0.99671602 -0.033982795 26.276419 -0.99677455 0.073595569 -0.035410736 -134.84106 -0.03279081 0.03651863 0.99887711 -3.1195743
0.10502022 0.99413902 -0.029022796 26.416765 -0.9941169 0.10408363 -0.033637349 -134.95802 -0.03041652 0.032383397 0.99909556 -3.1769724
0.141065 0.9897176 -0.027250977 26.522736 -0.98972374 0.14023159 -0.031968605 -135.17438 -0.02781572 0.031479254 0.99920058 -3.2527087
0.17354214 0.98445594 -0.030221799 26.565479 -0.98447359 0.17247787 -0.036159545 -135.44424 -0.030382734 0.036025666 0.99897105 -3.2787247
0.20126307 0.97910738 -0.03202245 26.539244 -0.97909415 0.19997944 -0.040393006 -135.81111 -0.033143222 0.039480075 0.99875194 -3.2424073
0.22905473 0.97306108 -0.029473189 26.652319 -0.97294128 0.22779906 -0.041762311 -136.05537 -0.033921011 0.038239066 0.99877572 -3.2235966
0.25620723 0.96624005 -0.030349843 26.851711 -0.96615058 0.25486806 -0.043024998 -136.15169 -0.03383512 0.040343057 0.99869549 -3.2739222
0.29060534 0.95648384 -0.029468209 27.023495 -0.9564355 0.28932467 -0.042200912 -136.36021 -0.031836588 0.040445391 0.9987573 -3.2841525
0.32844988 0.9442994 -0.024491686 27.014856 -0.94381517 0.32700476 -0.050415624 -136.69795 -0.039595723 0.039672241 0.99851125 -3.2965631
0.36479801 0.9309991 -0.018426172 27.048204 -0.93024182 0.363484 -0.052828606 -137.01935 -0.042482696 0.036410745 0.99851704 -3.2904239
0.39760193 0.91751802 -0.015731635 27.301041 -0.9166885 0.39635333 -0.053353198 -137.11415 -0.042714305 0.035632551 0.99853349 -3.3420329
0.42889148 0.90323168 -0.019998807 27.678404 -0.90267134 0.42749727 -0.051906221 -137.18919 -0.038331576 0.040311858 0.9985339 -3.3644605
0.45999309 0.88753343 -0.029442489 27.817886 -0.88739806 0.458157 -0.053713791 -137.39217 -0.034181874 0.050831083 0.99820572 -3.3563087
0.49844545 0.86678398 -0.020333862 27.698709 -0.86615592 0.49675265 -0.057269238 -137.78886 -0.039536778 0.046154499 0.99823529 -3.2995021
0.53921604 0.84222329 -0.0090259854 27.846621 -0.84149796 0.53822649 -0.049627215 -137.93358 -0.036936536 0.034352772 0.99881095 -3.3920598
0.57108951 0.82093912 -0.0096370485 28.220701 -0.82049131 0.5702759 -0.043027584 -137.95825 -0.029824754 0.032477103 0.99911249 -3.4238055
0.59812862 0.80137086 -0.015035958 28.444883 -0.80110329 0.59709167 -0.044614423 -138.1032 -0.026772855 0.038727216 0.99897778 -3.4008505
0.62800121 0.77804005 -0.021190623 28.553522 -0.77787489 0.62642807 -0.052685332 -138.40067 -0.027715519 0.049565919 0.998474 -3.3937116
0.66354305 0.74804103 -0.018129705 28.668802 -0.74766946 0.66181451 -0.05717722 -138.66185 -0.030771038 0.051490229 0.99828851 -3.3848865
0.6961239 0.71798629 -0.0095191207 28.82926 -0.71728212 0.69466805 -0.056715049 -138.77245 -0.034106299 0.046304829 0.99843347 -3.4134533
0.72393036 0.68995118 -0.0088026049 29.141872 -0.68923974 0.7224192 -0.057728283 -138.76379 -0.033468887 0.047854289 0.99838412 -3.4599686
0.74970007 0.66186917 -0.0083706584 29.417809 -0.66116244 0.74812317 -0.058749553 -138.84212 -0.032620624 0.049574554 0.9983291 -3.4650311
0.781115 0.624448 -0.010912094 29.632607 -0.62399518 0.77950716 -0.057213612 -138.97531 -0.027219789 0.051494766 0.99839461 -3.4638352
0.80934322 0.5874064 -0.010850723 29.7694 -0.58690929 0.80746621 -0.061710358 -139.16705 -0.027486583 0.056307685 0.99812841 -3.4474974
0.83328456 0.5529843 -0.0069406405 29.980974 -0.55242765 0.83164579 -0.058809556 -139.27408 -0.026747538 0.052833851 0.99833924 -3.4677558
0.85692877 0.51559013 -0.0069460142 30.290464 -0.51510429 0.85525733 -0.058908861 -139.289 -0.024431415 0.054052953 0.99833369 -3.5274277
0.879412 0.47627822 -0.0025797402 30.528481 -0.47560108 0.87775385 -0.06015408 -139.3634 -0.026384741 0.054121505 0.99828118 -3.4933331
0.89951599 0.43714032 0.0012777454 30.787115 -0.43619859 0.89767462 -0.064641997 -139.3958 -0.029403541 0.057583258 0.99800438 -3.5012338
0.91882944 0.39494175 0.00147504 31.006887 -0.39406946 0.91693664 -0.064824708 -139.48656 -0.026953651 0.058975372 0.99799335 -3.5242591
0.93575609 0.35297117 -0.0025007031 31.1623 -0.35245213 0.93380499 -0.06363792 -139.61644 -0.020126965 0.060424354 0.99806762 -3.5122716
0.94884938 0.31610689 -0.0001717915 31.368738 -0.31542209 0.94661349 -0.068507157 -139.67664 -0.021492768 0.065049961 0.99774867 -3.542541
0.96016461 0.27984861 0.0035082221 31.588245 -0.27878955 0.95733964 -0.077700406 -139.66612 -0.025102837 0.073619112 0.99706936 -3.4942429
0.9698351 0.2442522 0.0030676087 32.02475 -0.24332519 0.96694064 -0.077953845 -139.60623 -0.022006819 0.074847482 0.99705172 -3.4442635
0.97865766 0.20610294 -0.0022420557 32.301472 -0.20582737 0.97638053 -0.067626111 -139.58115 -0.011749671 0.066636428 0.99780822 -3.5364347
0.98587501 0.16781028 -0.012062021 32.392704 -0.16828454 0.98392773 -0.061792936 -139.61719 0.0014970446 0.062941723 0.99811554 -3.5890367
0.99165297 0.12790647 -0.022915021 32.529114 -0.12911026 0.9899841 -0.059255276 -139.60046 0.015103462 0.061710384 0.99807954 -3.5760212
0.99505919 0.099137604 -0.017147379 32.76643 -0.10014508 0.99267256 -0.069426164 -139.5921 0.010136174 0.070790581 0.99754089 -3.534411
0.99740523 0.07353875 -0.0067180572 33.162582 -0.073876217 0.99492031 -0.070162363 -139.56207 0.0015221889 0.070467196 0.99761552 -3.5152147
0.99879551 0.051787112 0.00043604302 33.415489 -0.051691115 0.99657565 -0.066416733 -139.57719 -0.0038756672 0.066305421 0.99789608 -3.5292635
0.99948627 0.035763841 0.005104193 33.600658 -0.035478726 0.99798942 -0.05481118 -139.52025 -0.0070551513 0.054594591 0.99858773 -3.5336022
0.99980366 0.024998076 0.0070365695 33.69854 -0.024762455 0.99909526 -0.038003102 -139.52029 -0.0079805013 0.037816063 0.99935818 -3.5933592
0.99969089 0.029056307 0.0075501199 33.907631 -0.028808454 0.99902618 -0.036985401 -139.5372 -0.0086177122 0.036751486 0.99939352 -3.6264679
0.99935919 0.038509011 0.0088676838 34.248116 -0.038123351 0.99838996 -0.04487728 -139.58546 -0.010581903 0.044504531 0.99905974 -3.5956349
0.99912637 0.044132914 0.0088873208 34.555176 -0.043702114 0.99799067 -0.04852974 -139.57596 -0.011012253 0.04809263 0.99888891 -3.5578632
0.99872023 0.052809205 0.0070735896 34.758667 -0.052501116 0.99779058 -0.043719228 -139.5257 -0.0093676466 0.043286089 0.99912637 -3.5455039
0.99776036 0.068922915 -0.0020841463 34.790878 -0.069004066 0.99702734 -0.03782405 -139.59865 -0.00053061231 0.037877694 0.99938959 -3.5735021
0.99614346 0.088520013 -0.01200114 34.968525 -0.088921532 0.9956314 -0.032738965 -139.66959 0.0090484014 0.033674512 0.99950004 -3.5934279
0.99435884 0.10630675 -0.015150044 35.337566 -0.1068129 0.99385703 -0.033206187 -139.72633 0.011524419 0.034631263 0.9994427 -3.6289361
0.99272037 0.12079398 -0.013975044 35.645988 -0.12126864 0.99214232 -0.03483215 -139.74428 0.0096551394 0.036267478 0.99940521 -3.622901
0.99109983 0.13332729 -0.015109124 35.928452 -0.13384244 0.99051183 -0.035262518 -139.78755 0.01026146 0.036964752 0.99937528 -3.6065714
0.98884165 0.14927487 -0.01389002 36.199989 -0.14975663 0.98813862 -0.037807681 -139.85449 0.0080786999 0.039459694 0.99930072 -3.6267767
0.98526418 0.17143969 -0.012026631 36.55492 -0.1717934 0.98477441 -0.031353798 -139.91827 0.0064659948 0.03295251 0.99954963 -3.6219778
0.98030144 0.19802812 -0.0086546354 36.841793 -0.19824229 0.97996074 -0.025664456 -140.0105 0.0033972729 0.026870206 0.99974746 -3.6491053
0.97522646 0.22159344 -0.010411208 37.159138 -0.22184372 0.97491431 -0.024782792 -140.07669 0.004656544 0.02647418 0.99975365 -3.6829922
0.97123164 0.23863421 -0.0064190561 37.51022 -0.2387739 0.97096044 -0.0226593 -140.17578 0.00082410744 0.023536419 0.99983793 -3.6886902
0.96751773 0.25330383 -0.0047967858 37.820614 -0.25340337 0.96729243 -0.020597447 -140.28728 -0.00057851768 0.021140562 0.99989188 -3.6731558
0.96222979 0.27268118 -0.0060026245 38.175316 -0.27280188 0.96203077 -0.019321516 -140.39348 0.00050499279 0.020226058 0.9999122 -3.670825
0.95484942 0.29754469 -0.00311386 38.508144 -0.29761079 0.95470011 -0.016740704 -140.5524 -0.002009091 0.016908964 0.99997306 -3.7065916
0.94696015 0.3217853 -0.0013414148 38.837975 -0.32183468 0.94688475 -0.011968977 -140.68626 -0.0025818278 0.011764156 1.0000461 -3.7423582
0.93897128 0.34440368 -0.0010166452 39.165344 -0.34444755 0.93890375 -0.011528688 -140.83182 -0.0030163974 0.011173753 1.0000523 -3.73999
0.93126416 0.36472127 0.0028193723 39.530125 -0.36472434 0.93121779 -0.011454928 -140.98744 -0.0068033095 0.0096380115 1.0000504 -3.7377822
0.92382115 0.38317645 0.003588205 39.92635 -0.38317561 0.92378712 -0.010884966 -141.16261 -0.007485704 0.008679729 1.0000538 -3.7672482
0.91365224 0.40682849 0.0036169568 40.246567 -0.40685391 0.91364712 -0.0070596505 -141.33803 -0.0061768964 0.0049778866 1.0000881 -3.7970688
0.90233362 0.4313609 0.0019017878 40.60704 -0.43140769 0.90233308 -0.0041485629 -141.47177 -0.0035060474 0.0029225675 1.0001088 -3.8170526
0.89241517 0.45152545 -0.00022233422 40.923233 -0.45157605 0.89240307 -0.005691654 -141.67165 -0.0023721885 0.0051789987 1.0001031 -3.8194125
0.88291496 0.46982807 0.0016717998 41.223736 -0.46987903 0.88291907 -0.0027923777 -141.91013 -0.0027884559 0.0016796789 1.0001153 -3.7984607
0.87325168 0.48755553 0.0010260935 41.632908 -0.48760036 0.87324768 -0.0053044255 -142.1275 -0.0034826531 0.004131217 1.0001063 -3.8454008
0.85983896 0.5108366 0.0011598956 41.980705 -0.5108788 0.85983586 -0.0056198468 -142.34094 -0.0038685245 0.0042389804 1.0001048 -3.8824029
0.84843302 0.52954555 0.0045101871 42.296146 -0.52959806 0.84845245 -0.001952717 -142.5666 -0.0048608026 -0.00073165487 1.0001092 -3.888087
0.83832461 0.54541051 0.0040569683 42.63102 -0.54546905 0.83834171 -0.00025781736 -142.83813 -0.0035418544 -0.0019964885 1.0001134 -3.8945098
0.82596749 0.56394958 0.0038083682 43.000896 -0.56400138 0.82598674 -0.0019178063 -143.11102 -0.0042273887 -0.00056369248 1.0001135 -3.8807859
0.81294912 0.58252907 0.0069773137 43.39777 -0.58254009 0.81298852 -0.0073409262 -143.33055 -0.0099485237 0.0019035026 1.0000707 -3.9155293
0.79902053 0.60151142 0.0048604854 43.748062 -0.60150522 0.79903251 -0.0099074272 -143.5016 -0.0098430328 0.0049924324 1.0000615 -3.9349639
0.78948301 0.61393487 0.0086774873 43.997143 -0.61396128 0.78954268 -0.0059391977 -143.80959 -0.010497134 -0.0006383931 1.0000681 -3.9507372
0.77519596 0.63187844 0.0088245478 44.29847 -0.63193738 0.77525181 -0.0024628586 -144.18227 -0.00839731 -0.0036666442 1.0000813 -3.9730921
0.76118749 0.64869809 0.0078474069 44.54908 -0.6487093 0.76124328 -0.0073711812 -144.52753 -0.010755325 0.00052042492 1.0000651 -4.0109687
0.75180292 0.6595512 0.0079734661 44.970783 -0.65954858 0.75185961 -0.0086587463 -144.77538 -0.011705766 0.0012509862 1.0000544 -3.986722
0.74492478 0.66735256 0.0025966936 45.41914 -0.66734809 0.74491972 -0.010751224 -144.99239 -0.0091096172 0.0062753102 1.0000632 -3.9995189
0.7393744 0.67349213 0.0033772355 45.637775 -0.67345071 0.73935765 -0.013759455 -145.28117 -0.011764174 0.0078982627 1.0000234 -4.0251741
0.73320544 0.68017721 0.0069691413 45.893784 -0.68017793 0.73325706 -0.0083558876 -145.61549 -0.010793561 0.0013865471 1.0000663 -4.0485845
0.72543561 0.68849403 5.7078127e-05 46.240284 -0.68850213 0.72541314 -0.010993725 -145.91794 -0.007611034 0.0079350872 1.0000666 -4.0742483
0.72039026 0.69376749 0.0026096932 46.537354 -0.69379878 0.72041291 -0.0054962533 -146.30588 -0.0056936154 0.00214875 1.0001087 -4.0726457
0.70996934 0.7044192 -0.00466626 46.957855 -0.70448381 0.70997244 -0.0051934598 -146.63249 -0.00034663698 0.0069732922 1.0001042 -4.1238699
0.70246094 0.71191651 0.0031509374 47.217804 -0.71192682 0.70248204 -0.0081570344 -146.97246 -0.0080207828 0.0034865539 1.0000906 -4.1349211
0.69772822 0.71650106 0.0095121833 47.496403 -0.71641225 0.69780928 -0.014327369 -147.27647 -0.016902402 0.0031822065 0.99998224 -4.1782851
0.68779522 0.72605634 0.008331364 47.734917 -0.7258302 0.68781269 -0.021791454 -147.63417 -0.021551086 0.0089405971 0.99985862 -4.176043
0.67973441 0.73363429 0.0058307946 48.118603 -0.73360908 0.67977953 -0.010545649 -147.95734 -0.011699985 0.002890812 1.0000585 -4.1115856
0.66448611 0.74747163 -0.0058715353 48.494709 -0.7475366 0.66447139 -0.0078185108 -148.27205 -0.0019436271 0.0095829368 1.0000842 -4.1654663
0.65598202 0.75496054 0.0035108523 48.739586 -0.75500065 0.65601993 -0.0026688995 -148.67154 -0.0043182205 -0.0008997749 1.0001223 -4.2116318
0.64938533 0.7606433 0.0033342186 49.104263 -0.76069498 0.6494146 0.000870338 -148.94437 -0.0015035127 -0.0031011899 1.0001264 -4.2510028
0.63693601 0.77110124 -0.0024354919 49.3396 -0.77114844 0.63695163 -0.0045397538 -149.31819 -0.0019500307 0.004768888 1.0001191 -4.2485409
0.62482017 0.78090858 0.0085022608 49.548199 -0.78095037 0.62489641 -0.0045571909 -149.86081 -0.0088712713 -0.0037914373 1.0000857 -4.2462912
0.60872638 0.79355907 0.0028085136 49.885704 -0.79347336 0.60871464 -0.016311457 -150.15562 -0.014653201 0.0077004097 0.9999944 -4.2682509
0.5998596 0.80028641 0.0019782679 50.186062 -0.8002165 0.59984523 -0.015537715 -150.48093 -0.013620533 0.0077370307 1.00001 -4.2529125
0.58957106 0.80789459 -0.0028277906 50.524593 -0.8079043 0.58953857 -0.01185733 -150.83145 -0.007912335 0.0092744427 1.0000604 -4.2861471
0.57303083 0.81970757 0.0032129127 50.702534 -0.81967789 0.57306075 -0.011669345 -151.26338 -0.011406069 0.0040533622 1.0000602 -4.3465486
0.56011468 0.82858896 0.0030162917 50.962612 -0.82854736 0.56014031 -0.012655935 -151.6936 -0.012175483 0.0045896554 1.0000492 -4.3895416
0.54767352 0.83686924 -0.001345035 51.172668 -0.83682513 0.54763013 -0.015279107 -152.0688 -0.012049697 0.0094928686 1.000016 -4.384779
0.53694874 0.84379023 0.002213578 51.380657 -0.8437711 0.53697747 -0.010807952 -152.49068 -0.010307785 0.0039357222 1.000073 -4.364522
0.51976955 0.85447991 -0.0021918016 51.675648 -0.85447288 0.51975006 -0.012102501 -152.90176 -0.0092018675 0.008162871 1.0000589 -4.3998189
0.50334942 0.86425263 0.0032801437 51.924686 -0.86423814 0.50339657 -0.0098149022 -153.32436 -0.010133202 0.0021060414 1.0000807 -4.4311028
0.48825878 0.87287325 0.00075712823 52.190102 -0.87283564 0.48826981 -0.012725802 -153.71347 -0.011477163 0.0055527361 1.0000534 -4.435123
0.47740349 0.8788569 0.001121047 52.349274 -0.87881052 0.47741807 -0.013229882 -154.17778 -0.012161638 0.0053310711 1.0000468 -4.4388647
0.46483988 0.88554883 0.00588034 52.484505 -0.88550621 0.46492076 -0.011826852 -154.56798 -0.013206049 0.00029162914 1.0000473 -4.5007806
0.4476251 0.89438081 0.0048730941 52.716633 -0.89433098 0.44769496 -0.012414285 -155.02373 -0.013283638 0.0011998602 1.0000457 -4.5002398
