0.83840722 0.50544596 -0.20395511 188.06227 -0.5361948 0.83202899 -0.14220721 -205.60014 0.097818524 0.22858723 0.96859664 -0.026997713
0.83854169 0.50516427 -0.20410016 188.05374 -0.53597295 0.83213174 -0.14244199 -205.57869 0.097881638 0.22883572 0.96853161 -0.030936794
0.83852547 0.50524795 -0.20395944 188.05299 -0.53606427 0.83200276 -0.14285126 -205.58101 0.097519509 0.22911981 0.96850097 -0.033293225
0.83820659 0.50577945 -0.20395271 188.06253 -0.53659439 0.83165359 -0.14289406 -205.59843 0.097345136 0.22921464 0.96849608 -0.029952958
0.83762378 0.50651157 -0.20452951 188.0623 -0.53733116 0.83138955 -0.14165641 -205.60039 0.098293096 0.22855487 0.96855628 -0.028366705
0.83819038 0.50566822 -0.20429488 188.0834 -0.53644449 0.83195305 -0.14170867 -205.62502 0.098306186 0.22837172 0.96859819 -0.029517069
0.83855993 0.50513583 -0.20409517 188.06787 -0.53590363 0.83224398 -0.14204645 -205.60075 0.098104239 0.22848982 0.9685908 -0.030568324
0.83875316 0.50470793 -0.20435961 188.05157 -0.53558362 0.83237809 -0.14246725 -205.57622 0.098200113 0.22894651 0.96847326 -0.031135896
0.83871454 0.50490445 -0.20403242 188.05579 -0.53572553 0.8322466 -0.14270163 -205.58508 0.097754605 0.2289913 0.96850771 -0.031129332
0.83811432 0.5060246 -0.20372356 188.06932 -0.53682625 0.83143109 -0.14331767 -205.61314 0.09685985 0.22948074 0.96848178 -0.035152964
0.83815509 0.50585788 -0.2039697 188.07335 -0.53666693 0.83162266 -0.142802 -205.62111 0.097388312 0.22915402 0.96850616 -0.028686602
0.83865792 0.50486732 -0.20435672 188.0502 -0.53571159 0.83234543 -0.14217696 -205.57465 0.098314874 0.22871409 0.96851653 -0.025827872
0.83864838 0.50496453 -0.2041555 188.04973 -0.53578013 0.83226889 -0.14236674 -205.5742 0.098022118 0.22877811 0.96853107 -0.032477368
0.8382687 0.50559968 -0.20414297 188.0759 -0.53641719 0.83184195 -0.14246301 -205.62276 0.097785428 0.22892809 0.96851957 -0.034262825
0.83808398 0.50583923 -0.20430775 188.06398 -0.53672725 0.83158463 -0.1427968 -205.61003 0.097666964 0.22933327 0.96843565 -0.029924689
0.83832347 0.50547165 -0.20423485 188.05345 -0.53636289 0.83178991 -0.1429702 -205.59235 0.097613104 0.22939929 0.96842545 -0.027013687
0.83850229 0.5050981 -0.20442495 188.05962 -0.53602087 0.83203763 -0.14281151 -205.59932 0.097955421 0.22932383 0.96840876 -0.027593872
0.83801562 0.50601166 -0.20416114 188.0526 -0.53687346 0.83147389 -0.14289212 -205.59309 0.097449571 0.22935456 0.96845251 -0.032574419
0.83797801 0.50599062 -0.20436756 188.05763 -0.53686589 0.83153856 -0.14254354 -205.59262 0.097813815 0.22916636 0.96846032 -0.032026187
0.83816391 0.50563377 -0.20448823 188.05876 -0.53649253 0.83185983 -0.14207388 -205.57675 0.098268203 0.22878765 0.96850383 -0.030068023
0.83813208 0.50560933 -0.20467894 188.04825 -0.53649479 0.83188897 -0.14189449 -205.57004 0.098526977 0.22873554 0.96848983 -0.027328201
0.83832979 0.50530976 -0.20460904 188.0482 -0.53623897 0.83195657 -0.14246421 -205.58562 0.098237276 0.22915135 0.96842098 -0.027484512
0.8383438 0.50551403 -0.20404628 188.06047 -0.5363645 0.83178216 -0.1430089 -205.60722 0.097429059 0.22933383 0.96845943 -0.031524088
0.8385269 0.50529844 -0.20382792 188.09355 -0.53609723 0.831958 -0.14298837 -205.65367 0.097324468 0.2291712 0.96850842 -0.032908827
0.83848333 0.50529712 -0.20401034 188.08009 -0.53616548 0.83186835 -0.14325374 -205.61977 0.097324044 0.22949921 0.96843082 -0.031855866
0.83843654 0.50524998 -0.20431902 188.05209 -0.53612149 0.83201551 -0.14256212 -205.57707 0.097967081 0.22906914 0.96846783 -0.030930821
0.83840853 0.50536048 -0.20416078 188.04115 -0.53613961 0.83209574 -0.14202455 -205.56398 0.098107718 0.22853331 0.96858019 -0.03250055
0.83831382 0.50559032 -0.20398064 188.0697 -0.5363453 0.83192974 -0.14222014 -205.606 0.097792424 0.2286292 0.96858943 -0.035467274
0.83828622 0.50558931 -0.20409641 188.05992 -0.53642899 0.83177805 -0.14279053 -205.59216 0.097569533 0.2291826 0.96848112 -0.031274047
0.83819687 0.50557375 -0.20450166 188.0549 -0.53648704 0.83177733 -0.14257635 -205.589 0.098016962 0.22921959 0.96842718 -0.025927322
0.83836716 0.50542295 -0.20417595 188.06129 -0.53624749 0.8319546 -0.14244322 -205.59758 0.09787102 0.22890861 0.96851552 -0.026741317
0.83846164 0.50541466 -0.20380822 188.05392 -0.53618199 0.83194762 -0.14273037 -205.59525 0.097419709 0.22895229 0.96855068 -0.033442188
0.83858013 0.50516361 -0.20394297 188.04393 -0.53594524 0.83213288 -0.14253943 -205.56644 0.097701877 0.22883305 0.96855044 -0.0321173
0.8382237 0.50579363 -0.20384669 188.06194 -0.53655195 0.83173484 -0.14257997 -205.58844 0.097430311 0.2288883 0.96856475 -0.030316979
0.83800644 0.50586379 -0.2045646 188.06505 -0.53678191 0.83160025 -0.14249946 -205.58841 0.098030612 0.22922209 0.96842521 -0.03211825
0.83843374 0.50521815 -0.20440909 188.05365 -0.53607571 0.83210456 -0.14221361 -205.58379 0.098240793 0.2288155 0.96850008 -0.03138769
0.83842856 0.50573123 -0.2031578 188.04523 -0.53646553 0.83155394 -0.14395382 -205.59465 0.096134663 0.22968221 0.96850628 -0.036363117
0.83825976 0.5057081 -0.20391044 188.05766 -0.53661215 0.83147264 -0.14387697 -205.60405 0.096786134 0.23002715 0.96835953 -0.032041859
0.83819181 0.50571287 -0.20417768 188.06163 -0.53649193 0.83187091 -0.14201075 -205.59436 0.098032743 0.228572 0.9685787 -0.030912131
0.83825904 0.50559133 -0.20420268 188.05566 -0.53635168 0.83200425 -0.14175922 -205.58308 0.098225199 0.22835548 0.96861029 -0.031192355
0.8378399 0.50596112 -0.20500533 188.02582 -0.536906 0.83164793 -0.14175175 -205.55127 0.098771319 0.22883396 0.96844184 -0.028798969
0.83807331 0.50571412 -0.20466046 188.04828 -0.53666413 0.83166242 -0.14258023 -205.58818 0.098103508 0.2293267 0.96839315 -0.029958172
0.83811963 0.50584936 -0.20413597 188.0621 -0.53668988 0.83162075 -0.14272635 -205.60878 0.097565606 0.22917953 0.96848232 -0.027511783
0.83848464 0.50533843 -0.20390224 188.08322 -0.53610063 0.8320474 -0.14245421 -205.61594 0.097668678 0.22875786 0.9685716 -0.030008847
0.83876842 0.50505465 -0.20343778 188.06836 -0.53569645 0.83233112 -0.14231722 -205.59457 0.097449556 0.22835216 0.96868938 -0.035692155
0.83827364 0.50557804 -0.20417586 188.03622 -0.53636789 0.83193368 -0.14211184 -205.5616 0.09801209 0.22864206 0.96856421 -0.03187111
0.83827126 0.50524485 -0.2050087 188.03816 -0.53626829 0.83193785 -0.14246298 -205.58667 0.098575749 0.22936237 0.9683367 -0.035814073
0.83867705 0.50472713 -0.20462385 188.05383 -0.53564441 0.83237273 -0.14226973 -205.6096 0.098515853 0.22892407 0.96844649 -0.03413555
0.83836591 0.50509423 -0.20499253 188.04826 -0.53609467 0.83208394 -0.14226328 -205.58551 0.09871456 0.22916418 0.96836948 -0.030307954
0.83772945 0.50615275 -0.2049837 188.07158 -0.53714877 0.83139437 -0.14231859 -205.60384 0.098387264 0.22933131 0.96836323 -0.032987107
0.8380776 0.50578946 -0.2044566 188.07011 -0.53665239 0.83173525 -0.14219959 -205.59465 0.098130621 0.22889651 0.96849215 -0.028987901
0.83856106 0.50491458 -0.20463665 188.05179 -0.53583354 0.83225089 -0.14227059 -205.58772 0.09847445 0.22895387 0.96844369 -0.027878946
0.83864439 0.50468159 -0.20486984 188.04399 -0.53558826 0.83252358 -0.14159711 -205.58766 0.099097423 0.2284756 0.9684931 -0.029501375
0.83821088 0.50540912 -0.20485049 188.05241 -0.53630394 0.83206606 -0.14157751 -205.58261 0.098894477 0.22853404 0.96850008 -0.032975283
0.83848059 0.50491345 -0.204969 188.08133 -0.53583694 0.83237135 -0.14155108 -205.61989 0.099139184 0.2285179 0.96847886 -0.030828245
0.83827627 0.50536472 -0.20469239 188.07491 -0.5362488 0.83205813 -0.14183259 -205.61989 0.098638676 0.22866106 0.9684962 -0.032140188
0.83856583 0.50501239 -0.20437562 188.07713 -0.53590012 0.832156 -0.14257419 -205.63976 0.098070569 0.22908288 0.96845418 -0.029525569
0.83860958 0.50481439 -0.20468496 188.08653 -0.53572088 0.83236456 -0.14202955 -205.64595 0.098673828 0.22876146 0.9684689 -0.027147828
0.83823377 0.50526309 -0.2051167 188.08734 -0.5361498 0.83228374 -0.14088012 -205.62387 0.099533655 0.22806387 0.96854544 -0.024168914
0.8383255 0.50520426 -0.20488666 188.0782 -0.53606993 0.83228177 -0.14119519 -205.60518 0.099190906 0.22820123 0.96854824 -0.032114372
0.83813119 0.50556344 -0.20479554 188.06165 -0.53638417 0.83211416 -0.14098941 -205.59154 0.099134058 0.22801682 0.96859747 -0.032620467
0.83830595 0.50529027 -0.20475437 188.04916 -0.53617078 0.83213955 -0.1416495 -205.58408 0.09880998 0.22852905 0.96850985 -0.03034913
0.83806515 0.50571167 -0.20469962 188.03584 -0.53671265 0.83156019 -0.14299338 -205.5714 0.097906522 0.22970277 0.96832395 -0.028472399
0.83829796 0.50543815 -0.20442167 188.04608 -0.53634024 0.8318609 -0.14264105 -205.58395 0.09795405 0.2292154 0.96843463 -0.026919134
0.83817643 0.50452387 -0.20716028 188.05605 -0.53579688 0.83266813 -0.1399477 -205.58728 0.10188869 0.22829683 0.96824563 -0.030020075
0.83827227 0.50446892 -0.20690621 188.04581 -0.53561538 0.83289236 -0.13930681 -205.59398 0.10205452 0.22759932 0.96839237 -0.032058533
0.83826184 0.50622582 -0.20261301 188.04631 -0.53617078 0.83284944 -0.13741398 -205.59004 0.099183507 0.2238242 0.96956986 -0.030819612
0.8379038 0.50523585 -0.20652741 188.0834 -0.53618485 0.83269083 -0.13831721 -205.6246 0.10209056 0.22663352 0.96861506 -0.036587492
0.83952785 0.49834207 -0.2164434 188.18591 -0.53189141 0.8351081 -0.14030629 -205.69867 0.11083301 0.23291555 0.96616083 -0.0024141441
0.84334612 0.4848713 -0.23166074 188.38557 -0.52349508 0.83863801 -0.1504627 -205.84854 0.12132435 0.24816552 0.96109033 0.040777225
0.84589958 0.47106537 -0.2501018 188.5183 -0.51274341 0.84733599 -0.13825989 -205.85837 0.1467907 0.24519214 0.95829725 0.12936293
0.85058892 0.45473742 -0.26403019 188.76936 -0.4993636 0.85585886 -0.13469052 -206.00095 0.16472362 0.24641344 0.95506382 0.06845215
0.85973573 0.4272579 -0.27982986 189.08418 -0.47795957 0.86617208 -0.14594692 -206.22357 0.18002371 0.25922325 0.94889152 0.11592216
0.87046885 0.39607304 -0.29224929 189.33875 -0.44149339 0.89076823 -0.10777499 -206.24637 0.21763948 0.22284099 0.95025009 0.30468479
0.87360698 0.3605206 -0.32685661 189.54675 -0.41132832 0.90597445 -0.10009594 -206.16281 0.26003695 0.22188999 0.93975842 0.19525968
0.88958472 0.35876641 -0.28271034 189.82344 -0.39891124 0.91171169 -0.098241873 -206.20514 0.22250432 0.20017089 0.95416129 0.26018754
0.9130047 0.38696945 -0.12913722 190.51833 -0.39560053 0.91713303 -0.048652645 -206.45346 0.099608868 0.095506929 0.99043268 0.45006853
0.925677 0.37813196 -0.011731995 191.4856 -0.3775855 0.92537421 0.033340964 -206.7838 0.023463763 -0.02643306 0.99937534 0.11190363
0.93164736 0.36307395 -0.014484804 191.87469 -0.3614586 0.93010461 0.065214321 -206.63239 0.037149992 -0.055521026 0.99776632 -0.087181307
0.93861645 0.34149018 -0.048815228 192.02177 -0.33950895 0.93954527 0.04458908 -206.57179 0.061090823 -0.025278769 0.99781221 0.044142481
0.94490469 0.3240208 -0.046529748 192.49458 -0.32344314 0.94604331 0.019656742 -206.83098 0.050388329 -0.003523947 0.99872363 0.4628903
0.9414165 0.33567938 -0.032460749 193.16704 -0.33604357 0.94182497 -0.0063430965 -207.10347 0.028443085 0.016879797 0.99945301 0.52152693
0.92848092 0.37028718 -0.02845956 193.99719 -0.37026918 0.92890441 0.0060908836 -207.53638 0.028691575 0.0048825024 0.99957651 0.3657743
0.91364413 0.40616739 -0.016786473 194.87697 -0.40588763 0.91374999 0.017776038 -208.02794 0.022558676 -0.0094274813 0.9997012 0.10773042
0.90186954 0.43143415 -0.022254352 195.65373 -0.43050587 0.901833 0.03690096 -208.35127 0.03599003 -0.023699157 0.99907124 0.12429737
0.8900317 0.45486352 -0.030693794 196.16992 -0.45395118 0.89043581 0.032436222 -208.54071 0.042084891 -0.014935714 0.99900252 0.21199287
0.876544 0.48096257 -0.018573437 196.78325 -0.48066035 0.8767103 0.018556416 -208.86711 0.025208458 -0.0073379311 0.99965543 0.26256368
0.85605925 0.5167973 -0.0090806633 197.68088 -0.51671946 0.85610026 0.0096443594 -209.47446 0.012758136 -0.0035639182 0.99991238 0.31742108
0.83202827 0.55472618 -0.0026822027 198.67509 -0.55452919 0.83184475 0.02304941 -210.15834 0.015017285 -0.017690334 0.99973083 0.258127
0.808671 0.58822972 0.0060295034 199.54063 -0.58747393 0.80701774 0.059969813 -210.75017 0.030410102 -0.052037966 0.99818206 0.11969796
0.78434956 0.62029296 0.0056325165 200.17667 -0.61891407 0.78193128 0.074353613 -211.23694 0.041716769 -0.061805211 0.99721611 -0.012044988
0.76445681 0.64466715 0.0030580864 200.87077 -0.64370322 0.76303679 0.058485776 -211.85294 0.035370417 -0.04667829 0.99828362 0.031137107
0.76085514 0.64885217 -0.0094675422 201.75073 -0.64841819 0.76075912 0.028266305 -212.63863 0.025543164 -0.015367568 0.99955565 0.22709472
0.77461702 0.63224775 -0.015183573 202.47614 -0.63206172 0.77476227 0.015520996 -213.12971 0.021576768 -0.0024258005 0.99976432 0.3170177
0.79209059 0.61039847 -0.0023399394 203.17464 -0.61021286 0.79193413 0.021910803 -213.63596 0.015227396 -0.01592741 0.99975729 0.20391771
0.79850608 0.60196465 0.0050840601 203.88576 -0.60174131 0.7979126 0.035246767 -214.20154 0.017160669 -0.03120398 0.99936581 0.076013297
0.80002183 0.59996605 0.0022393356 204.86053 -0.5994851 0.79921979 0.043182679 -214.95049 0.024118416 -0.035889469 0.9990648 0.056597594
0.8029654 0.59602439 -0.00081762573 205.76842 -0.59559888 0.80244291 0.036698088 -215.56079 0.022529051 -0.028980253 0.99932617 0.064109847
0.80824846 0.5887655 -0.0094198845 206.43584 -0.58845758 0.80819643 0.023143323 -215.99829 0.021239106 -0.013162287 0.99968791 0.11332666
0.81412661 0.58065599 -0.0059623457 207.08856 -0.58046663 0.81405824 0.019161157 -216.49341 0.015979737 -0.0121386 0.99979877 0.1188852
0.81748438 0.57586747 -0.0097460086 207.83371 -0.57561499 0.81746936 0.020266373 -217.0683 0.019637806 -0.010957429 0.99974728 0.12899077
0.81743348 0.5757845 -0.016546989 208.59476 -0.57543761 0.81756103 0.021563718 -217.62059 0.025944224 -0.0081050815 0.99963069 0.11641283
0.81575203 0.5782125 -0.014767723 209.31862 -0.57795703 0.81586057 0.018348573 -218.10637 0.022657774 -0.0064327121 0.99972272 0.093171954
0.81289649 0.58237088 -0.0065255747 210.12039 -0.58229297 0.81290811 0.010716163 -218.62866 0.011545475 -0.0049112695 0.99992144 0.064968817
0.80624884 0.59157318 -0.0017725306 210.79118 -0.59155613 0.80624306 0.0057462654 -219.13358 0.0048284302 -0.0035843023 0.99998206 0.070835412
0.80436814 0.59408766 -0.0071360269 211.52179 -0.5939728 0.80437356 0.013380128 -219.68118 0.013689001 -0.0065238778 0.99988514 0.070706196
0.81345564 0.58143067 -0.015083188 212.17476 -0.58090907 0.81346697 0.028560039 -220.08665 0.028875355 -0.014470301 0.9994784 0.051822472
0.82570612 0.56408817 -0.0036340877 212.83371 -0.56330156 0.82486326 0.047869325 -220.47948 0.030000143 -0.037478842 0.99884713 0.070441432
0.8353976 0.54963499 0.0033989348 213.50363 -0.54929584 0.83462983 0.040824331 -220.90273 0.019601628 -0.035971504 0.99916071 0.047591675
0.84569031 0.53350729 0.013311368 214.2364 -0.53346825 0.84441113 0.048795372 -221.31349 0.014792419 -0.048366901 0.99872023 0.034483537
0.85228378 0.52285451 0.015326043 214.97809 -0.52287334 0.85076141 0.052990027 -221.76653 0.014667269 -0.053176053 0.99847758 0.0039328211
0.85798091 0.51362675 0.0074618338 215.72398 -0.51325238 0.85658151 0.053287525 -222.19197 0.020978229 -0.049549416 0.99855149 0.019842597
0.86586958 0.50026846 0.00085636805 216.49017 -0.49978521 0.86495548 0.045455825 -222.61311 0.021999395 -0.039786749 0.99896616 0.025716748
0.87456352 0.48491028 0.00014410024 217.15614 -0.48452953 0.87386513 0.039879598 -222.94998 0.019212103 -0.034946997 0.99920464 -0.0089362338
0.88116747 0.47279757 0.0023935901 217.84433 -0.47258487 0.88059467 0.034871515 -223.35095 0.014379386 -0.031858753 0.99938911 -0.048415028
0.88621885 0.46325541 -0.0031528466 218.53795 -0.46290386 0.88577455 0.033509288 -223.71977 0.01831607 -0.028237032 0.99943364 -0.013924661
0.88965309 0.45626858 -0.0183217 219.22693 -0.45582077 0.88974607 0.024056578 -224.06366 0.027277919 -0.013050533 0.99954289 0.014785494
0.89439547 0.44710439 -0.012399175 220.00635 -0.44663447 0.89425349 0.028770732 -224.40459 0.023951523 -0.020194447 0.99950933 -0.012782693
0.89673769 0.44254026 -0.0043531079 220.7847 -0.44233125 0.89654499 0.023443861 -224.77376 0.014277609 -0.019097412 0.99971586 -0.038946837
0.89845455 0.43898416 -0.0084654698 221.26817 -0.4388653 0.89846009 0.012889505 -224.9854 0.013264176 -0.0078653684 0.99988127 0.00010689264
0.89930671 0.43704057 -0.015567464 221.78893 -0.43686631 0.8994261 0.01341361 -225.26201 0.019864073 -0.0052619833 0.999789 3.2763113e-05
0.90202641 0.43102542 -0.023765586 222.49109 -0.43021792 0.90213525 0.032618877 -225.60414 0.035499331 -0.019198639 0.99918544 -0.03715577
0.90165913 0.43182829 -0.023118723 223.10573 -0.43102196 0.90173948 0.032945439 -225.88554 0.035073832 -0.019740812 0.99918991 -0.054150656
0.9004584 0.43467945 -0.015092221 223.63025 -0.43455639 0.90057933 0.010819112 -226.15385 0.018294586 -0.0031836748 0.99982774 -0.049574167
0.90068287 0.43437645 -0.009318036 224.00104 -0.4344019 0.90071851 -0.00080754532 -226.42148 0.0080421492 0.0047751786 0.99995643 -0.04601923
0.89918733 0.43430498 -0.053297967 224.48573 -0.43350697 0.90076548 0.026321039 -226.61716 0.059440311 -0.00056244008 0.99823189 0.092550829
0.89955139 0.4367806 0.0054176352 225.05273 -0.43669215 0.898938 0.034784559 -226.84401 0.010323104 -0.033656269 0.99938035 -0.044176195
0.89583355 0.44213796 0.044671919 225.4268 -0.44129267 0.89693171 -0.027817424 -227.05731 -0.052366778 0.0052064564 0.99861455 -0.17844549
0.90041667 0.43499467 0.0053609386 225.58315 -0.4342083 0.8994087 -0.050266016 -227.1292 -0.026687112 0.042932659 0.99872166 -0.0075505236
0.897771 0.43562064 -0.065124236 225.85352 -0.4350954 0.90009564 0.022788864 -227.23039 0.068545327 0.0078761382 0.99761707 0.077764101
0.88989669 0.450066 -0.074322157 226.42856 -0.4441458 0.89202768 0.083789118 -227.4453 0.10400803 -0.041553721 0.99370813 0.024578208
0.8889578 0.45597529 -0.042893957 227.21581 -0.45369431 0.88954741 0.053538676 -227.74442 0.062568516 -0.028132813 0.99764419 -0.10299031
0.89222062 0.45159647 0.0015264347 227.63409 -0.45158395 0.89215827 0.011183996 -228.03783 0.0036888362 -0.010667837 0.9999364 -0.12278379
0.89429796 0.44669333 -0.026373215 227.81052 -0.44715306 0.89433074 -0.015037737 -228.34929 0.016869122 0.02524115 0.99953914 -0.17746148
0.88906038 0.45548418 -0.045882076 228.32677 -0.45626456 0.8898108 -0.0076744258 -228.54253 0.037330784 0.02775746 0.99891746 0.25787118
0.88896865 0.45790175 -0.0077499156 229.03294 -0.45794967 0.88895565 -0.0062802075 -228.68642 0.0040136171 0.0091320444 0.99995035 0.32164645
0.88641697 0.4616662 0.033594098 229.37202 -0.46043712 0.88685757 -0.038481772 -229.00041 -0.047558896 0.018642994 0.99869454 -0.090123132
0.8859151 0.46375415 -0.0092656435 229.6167 -0.46383834 0.88584214 -0.011714273 -229.25337 0.0027753587 0.014675678 0.99988854 -0.25479364
0.88332063 0.46527922 -0.057089917 230.04799 -0.46491393 0.88512212 0.020331757 -229.38969 0.059991483 0.0085825017 0.99816209 -0.018132472
0.87909395 0.47283396 -0.060176745 230.51477 -0.47280091 0.88102937 0.015688097 -229.58311 0.060435336 0.014660374 0.99806452 0.075667575
0.87532115 0.48082215 -0.051208105 230.98099 -0.48135197 0.87652427 0.0022375754 -229.88763 0.045961019 0.022690592 0.99868554 -0.022465235
0.87559521 0.48099086 -0.044498339 231.44481 -0.48136514 0.8765161 0.0025853654 -230.14223 0.040247045 0.019156283 0.99900615 -0.13964401
0.87099051 0.48837864 -0.053489197 231.84036 -0.48890328 0.87232995 0.0036833857 -230.37042 0.048459113 0.022942917 0.99856168 -0.10088512
0.85817164 0.50972319 -0.06101593 232.3813 -0.51054221 0.8598488 0.0024891603 -230.79187 0.053733252 0.029015148 0.99813372 -0.022724943
0.84456193 0.53288311 -0.052440058 233.13428 -0.5338403 0.84556913 -0.0051846309 -231.27055 0.041578889 0.032373428 0.99861062 -0.0077083339
0.83555526 0.54785037 -0.041311271 233.78589 -0.54889011 0.83566481 -0.019582307 -231.6357 0.0237942 0.039037522 0.99895442 -0.089116007
0.82637709 0.56257021 -0.024796883 234.23799 -0.56311387 0.82570267 -0.033427693 -231.95891 0.0016694322 0.041587424 0.99913347 -0.14723946
0.81772387 0.57484192 -0.029727813 234.84903 -0.57560056 0.81691426 -0.036532018 -232.45825 0.0032849426 0.046984527 0.99889022 -0.20730044
0.81468379 0.57883912 -0.035140228 235.47144 -0.57976854 0.81430888 -0.02773108 -232.89552 0.012563166 0.042965338 0.99899757 -0.14221874
0.81466252 0.57918543 -0.029469918 236.08919 -0.5799287 0.81337386 -0.045882486 -233.34198 -0.0026044 0.054469272 0.99851203 -0.095637918
0.82108396 0.5703302 -0.02331919 236.68732 -0.57070267 0.81946963 -0.052607343 -233.78578 -0.010894182 0.056503452 0.99834293 -0.21152872
0.82790744 0.56015813 -0.028131681 237.25648 -0.56081879 0.82616258 -0.054196205 -234.19557 -0.0071170973 0.060646299 0.9981339 -0.25321704
0.83000684 0.55752742 -0.015845623 237.90323 -0.55727792 0.82779479 -0.064781569 -234.64638 -0.023000564 0.062599644 0.99777359 -0.26552507
0.82873964 0.55962449 0.0032126575 238.61011 -0.55780804 0.82648635 -0.075960889 -235.09581 -0.045164775 0.061159838 0.99710554 -0.35498565
0.82796329 0.5605495 0.016134793 239.28349 -0.55831307 0.82667446 -0.069966964 -235.49243 -0.05255815 0.048921887 0.99741876 -0.41988593
0.82884562 0.55935556 0.011646245 239.97125 -0.55733097 0.82730961 -0.070289075 -235.90344 -0.048951615 0.05176805 0.99745864 -0.46769273
0.83442003 0.55104792 0.0094212927 240.55066 -0.54917097 0.83277476 -0.069979094 -236.24434 -0.046407629 0.053218126 0.99750394 -0.4587428
0.83822328 0.5446502 0.027151721 241.14148 -0.54158795 0.83726472 -0.075298809 -236.73772 -0.063744664 0.048412241 0.99679124 -0.55208176
0.84065372 0.54059029 0.032600414 241.96758 -0.53747404 0.84017104 -0.072345443 -237.2756 -0.066499144 0.043295655 0.99684668 -0.73338723
0.84276646 0.53766173 0.025765946 242.71724 -0.53512657 0.84204382 -0.067833044 -237.66882 -0.058167268 0.043379441 0.99736387 -0.76607853
0.8453415 0.53381258 0.021005351 243.39848 -0.53179008 0.84458739 -0.062217921 -238.0448 -0.050953545 0.04142502 0.99784148 -0.76413792
0.8492105 0.52747339 0.024753535 244.18643 -0.52532673 0.84865439 -0.061783556 -238.51451 -0.053596355 0.039463617 0.99778253 -0.84387553
0.85410094 0.5192675 0.029532656 244.94614 -0.51698965 0.85382015 -0.060930181 -238.95461 -0.056854617 0.036772516 0.99770498 -0.95042074
0.85745746 0.51364517 0.030571954 245.65707 -0.51116031 0.85711026 -0.063849673 -239.42485 -0.058999587 0.039121281 0.99749106 -1.0225449
0.85928774 0.51019979 0.036333494 246.50107 -0.50748616 0.85927767 -0.064026162 -239.95636 -0.063886665 0.036578219 0.9972865 -1.1191486
0.86130571 0.50706929 0.032134 247.36026 -0.50400168 0.86067474 -0.072255857 -240.39793 -0.06429562 0.046038862 0.99686825 -1.179268
0.86348218 0.50348687 0.029982176 248.1741 -0.50095075 0.86301607 -0.06520164 -240.80739 -0.05870324 0.041280929 0.9974215 -1.2374263
0.86449993 0.50197524 0.025693754 248.95844 -0.49914369 0.86338997 -0.073572755 -241.26898 -0.059115399 0.050778836 0.99695873 -1.3132616
0.86698228 0.4974221 0.030206101 249.84584 -0.49392098 0.86577028 -0.080520377 -241.80801 -0.066204123 0.054890383 0.99629509 -1.4367735
0.86235553 0.50498897 0.036448803 250.64595 -0.50230813 0.86235762 -0.063447602 -242.28304 -0.063472204 0.036405921 0.99731928 -1.4973276
0.84335381 0.53605407 0.037415359 251.5397 -0.53331876 0.84350443 -0.063804939 -242.87161 -0.065762877 0.033855882 0.99726069 -1.5966841
0.82401109 0.56543416 0.035910007 252.38136 -0.56237143 0.82396066 -0.069475994 -243.43851 -0.068872489 0.037054282 0.99693704 -1.6617808
0.81446475 0.57953286 0.028079085 253.22896 -0.57635552 0.81367362 -0.075823873 -244.05667 -0.066789597 0.045572396 0.99672574 -1.8121766
0.81788558 0.57474047 0.027133834 253.93202 -0.57244867 0.81756753 -0.062334195 -244.5121 -0.058009688 0.035449568 0.99768639 -1.8428828
0.8193723 0.57204747 0.037287742 254.70131 -0.5702123 0.81998825 -0.0497685 -245.05304 -0.059045415 0.019517053 0.99806446 -1.9683326
0.81933665 0.57238483 0.03259803 255.51395 -0.57058108 0.81965792 -0.05096909 -245.58783 -0.055893131 0.02316108 0.99816805 -1.9984107
0.81385833 0.57940209 0.043902822 256.33582 -0.57693726 0.81475782 -0.057556845 -246.12334 -0.069118686 0.021513997 0.99737638 -2.0629773
0.80835575 0.58782291 0.032013495 257.07419 -0.58441579 0.8078382 -0.076520346 -246.70874 -0.070842095 0.043146532 0.9965539 -2.1862376
0.80652952 0.59045291 0.029583316 257.76547 -0.58734006 0.80597293 -0.073749736 -247.26624 -0.067389064 0.042105936 0.99683785 -2.2688322
0.79958147 0.59976822 0.030776752 258.49332 -0.59511042 0.79817498 -0.093594946 -247.86336 -0.080700472 0.056521285 0.99513453 -2.3884571
0.78983396 0.61204094 0.039596103 259.33408 -0.6084832 0.79006243 -0.074493833 -248.51398 -0.076876633 0.034744259 0.99643505 -2.5236654
0.77405292 0.63239658 0.030270556 259.98328 -0.62980378 0.774005 -0.065293729 -249.05237 -0.064721063 0.031476352 0.99740684 -2.4999874
0.75955611 0.64994705 0.02535799 260.64795 -0.64655036 0.75869644 -0.079700537 -249.57008 -0.071040109 0.044141874 0.99649626 -2.5302405
0.74530363 0.66595817 0.031967185 261.35715 -0.66254771 0.74514121 -0.076124549 -250.16278 -0.074515797 0.035556179 0.99658573 -2.6681652
0.7315501 0.68078226 0.03700896 261.97958 -0.67691547 0.73172963 -0.079731353 -250.79837 -0.081360206 0.033275601 0.9961291 -2.7745588
0.71633589 0.69618577 0.046776153 262.66092 -0.6923402 0.71751356 -0.076415129 -251.51065 -0.086761609 0.022353945 0.99597824 -2.9356246
0.70115113 0.71234381 0.030872781 263.23621 -0.70871592 0.70101893 -0.079335898 -252.15642 -0.078156799 0.033746485 0.99636972 -2.9731946
0.68699855 0.7261942 0.025976291 263.81494 -0.72198421 0.68619138 -0.088770293 -252.7475 -0.082289137 0.042230651 0.99571329 -2.998158
0.67585379 0.7365703 0.026184767 264.41641 -0.73153567 0.67471927 -0.098027579 -253.41557 -0.089871526 0.047097281 0.99483913 -3.1301215
0.67247361 0.73912793 0.038327496 265.02853 -0.73358935 0.67250955 -0.097865097 -254.05037 -0.098110385 0.037695106 0.99446136 -3.2468686
0.67582321 0.7359187 0.041066904 265.57385 -0.73022193 0.67608404 -0.098419085 -254.61418 -0.10019308 0.036526006 0.99429733 -3.3446062
0.67911512 0.73342741 0.029778425 266.06201 -0.72833717 0.67833561 -0.096880086 -255.19621 -0.091254227 0.044104051 0.99485046 -3.4315841
0.68165374 0.73143941 0.01855973 266.5798 -0.72719836 0.68006718 -0.093226507 -255.8035 -0.080811359 0.050051644 0.99547189 -3.4842963
0.68637353 0.72705519 0.016792929 267.15079 -0.72303778 0.68469858 -0.0916747 -256.35596 -0.078150615 0.05078122 0.99564737 -3.5506124
0.68781859 0.72543263 0.025553424 267.69879 -0.72098982 0.68683964 -0.091787919 -256.85828 -0.084137008 0.044709731 0.99545062 -3.6212363
0.68632686 0.7270053 0.02046022 268.17346 -0.72224367 0.68460155 -0.09841159 -257.41586 -0.085552797 0.052765306 0.99493539 -3.7211046
0.68498176 0.72841668 0.01445734 268.71091 -0.72401768 0.68278968 -0.097963028 -257.97754 -0.08122918 0.056635574 0.995085 -3.8005538
0.67932594 0.73374045 0.011876352 269.173 -0.72996843 0.67731637 -0.091590069 -258.46643 -0.075247347 0.053550206 0.99572593 -3.8271499
0.66647404 0.74552798 0.00046819585 269.56387 -0.74203205 0.66340959 -0.096313335 -259.00562 -0.072114855 0.063842982 0.9953509 -3.879492
0.6487878 0.76096928 0.00021069296 270.11823 -0.75738931 0.64576262 -0.096706517 -259.64264 -0.073726706 0.062582485 0.99531287 -3.9651971
0.63295889 0.77414733 0.007669359 270.65817 -0.77009773 0.63060296 -0.096381843 -260.23993 -0.079450026 0.05509964 0.99531484 -4.0284901
0.61976022 0.78477705 0.0047019687 271.02948 -0.7807551 0.61716896 -0.097590879 -260.85516 -0.079488948 0.05681191 0.99521548 -4.154489
0.61454535 0.78887922 0.0018462732 271.50079 -0.78494257 0.61170918 -0.098372474 -261.43637 -0.07873334 0.059005186 0.99514794 -4.2390714
0.60824513 0.79364729 -0.012712288 271.88925 -0.79162443 0.60536849 -0.082824454 -261.9025 -0.05803775 0.060440984 0.99648309 -4.1980257
0.60106105 0.79868793 -0.028686717 272.21347 -0.79681247 0.59610325 -0.098746754 -262.36664 -0.061767571 0.082210824 0.99469906 -4.2343664
0.60310119 0.79756856 -0.012371904 272.7218 -0.79488659 0.5996356 -0.09269613 -262.97684 -0.066512853 0.065739468 0.99561763 -4.3409548
0.60015261 0.79940915 -0.027596667 273.07785 -0.79725319 0.59502542 -0.10164741 -263.505 -0.06483712 0.083005555 0.99443769 -4.4180493
0.5907464 0.80651724 -0.023417322 273.40753 -0.80367738 0.5855968 -0.10573145 -264.0047 -0.071561098 0.081280522 0.99411899 -4.4368634
0.56286615 0.82594621 -0.03153288 273.70715 -0.82285595 0.55634272 -0.11571935 -264.59225 -0.078034833 0.091081604 0.99278134 -4.4864879
0.53637004 0.84369183 -0.022159586 274.07108 -0.83990854 0.53102046 -0.11212053 -265.1853 -0.082827941 0.078750201 0.99344754 -4.5505896
0.51479691 0.85719776 -0.013997823 274.36752 -0.85271549 0.51028049 -0.11175944 -265.61676 -0.088657081 0.069469653 0.99363673 -4.6296005
0.49492848 0.868931 -0.0021419856 274.56903 -0.86317271 0.49136275 -0.11617036 -266.06747 -0.099891484 0.059345003 0.99322701 -4.6823478
0.472379 0.88134587 -0.0093526496 274.81372 -0.87586826 0.46820426 -0.1167887 -266.52097 -0.098552234 0.063360296 0.99311274 -4.8052926
0.44096366 0.89744627 -0.011884111 275.01654 -0.8927598 0.43722191 -0.10870583 -267.0484 -0.092361592 0.058545049 0.99400294 -4.782979
0.4102959 0.91172689 -0.020283354 275.19446 -0.90812188 0.40643549 -0.10062246 -267.60095 -0.08349628 0.059704814 0.9947179 -4.8641376
0.37554213 0.92647141 -0.024877787 275.32574 -0.92444396 0.37253594 -0.081365228 -268.18665 -0.066114642 0.053554259 0.99637383 -4.871006
0.33816993 0.94032884 -0.037720636 275.53241 -0.94069046 0.33659655 -0.042475656 -268.68616 -0.027244415 0.049847487 0.99838519 -4.9555154
0.29580668 0.953807 -0.052447263 275.72641 -0.95521331 0.29488444 -0.024710763 -269.12909 -0.008103393 0.057407983 0.9983179 -4.9159012
0.25776166 0.96498156 -0.048679315 275.81973 -0.96609658 0.25663844 -0.028177815 -269.65588 -0.01469806 0.054292131 0.9984169 -4.9589639
0.20295598 0.97728312 -0.061047088 275.87607 -0.9789843 0.20379017 0.0076928195 -270.33292 0.019958876 0.058202881 0.99810523 -4.9480252
0.14086545 0.98715919 -0.075324774 275.85507 -0.98874748 0.14414506 0.040005825 -270.97711 0.050349817 0.068841778 0.99635619 -4.9369783
0.088837594 0.99412453 -0.061842389 275.81009 -0.99514765 0.09122292 0.036869615 -271.73273 0.042294443 0.058266934 0.99740469 -4.8800392
0.016419841 0.9982214 -0.057311751 275.90613 -0.99960494 0.017696353 0.021832155 -272.57703 0.022807548 0.056930669 0.99811757 -4.934648
-0.079546049 0.99584168 -0.044407029 275.89026 -0.99679565 -0.079088204 0.011970623 -273.2774 0.0084087942 0.045216989 0.99894178 -5.0237722
-0.19629703 0.97954202 -0.044330943 275.58313 -0.98053265 -0.19587204 0.013772966 -273.91293 0.0048080273 0.046171568 0.99892193 -5.0240536
-0.29837069 0.95389813 -0.032460388 275.10916 -0.95443046 -0.29797399 0.016547058 -274.59918 0.0061118798 0.035918377 0.999336 -4.9962616
-0.39364523 0.91869563 -0.032281935 274.74838 -0.91926098 -0.39346331 0.012069426 -275.35229 -0.0016136018 0.034426633 0.99940592 -5.0274448
-0.48540533 0.87380332 -0.029151777 274.3746 -0.87422311 -0.48550856 0.0038961996 -275.98416 -0.010748897 0.027376432 0.99956739 -5.0945759
-0.56286138 0.82574397 -0.036528908 273.82977 -0.82647985 -0.56284362 0.011742045 -276.59494 -0.010864114 0.036799591 0.99926358 -5.1230273
-0.61445493 0.78775948 -0.043364629 273.26807 -0.78893763 -0.61384493 0.027777055 -277.20905 -0.0047374982 0.05127978 0.99867308 -5.1251502
-0.66316545 0.74775255 -0.032833405 272.6293 -0.74832904 -0.66325939 0.0095070554 -277.89243 -0.014668113 0.030874984 0.99941564 -5.1694751
-0.71278757 0.70117658 -0.016899295 271.89975 -0.70128715 -0.71287817 0.00091047166 -278.56079 -0.011408707 0.012500272 0.99985677 -5.2279487
-0.76001072 0.64973897 -0.014942992 271.14868 -0.64979005 -0.76011151 -0.0017780823 -279.19824 -0.012513598 0.008358486 0.99988675 -5.3184347
-0.79500657 0.6061523 -0.023329066 270.29181 -0.60639697 -0.79514825 0.0046633002 -279.76013 -0.015723368 0.017854072 0.99971694 -5.3501816
-0.81180537 0.58340502 -0.0247164 269.49377 -0.58374512 -0.81188303 0.0093455873 -280.32684 -0.014614536 0.02201492 0.99965078 -5.3803048
-0.82708973 0.56167126 -0.021170862 268.64655 -0.56193596 -0.82712787 0.0093397601 -280.93164 -0.012265108 0.019621532 0.9997322 -5.432117
-0.8428365 0.53802872 -0.012327529 267.65662 -0.53815067 -0.84277785 0.010914069 -281.53442 -0.0045172581 0.015832884 0.9998644 -5.4390941
-0.8557924 0.5169884 -0.01850854 266.57336 -0.51718748 -0.85583413 0.0080518071 -282.16162 -0.011677521 0.016463103 0.99979621 -5.5176702
-0.86642498 0.49826875 -0.032190833 265.53552 -0.49873796 -0.8667143 0.0081576006 -282.76248 -0.023835551 0.023122787 0.99944836 -5.6206303
-0.87396276 0.48494351 -0.031923845 264.53873 -0.48539498 -0.87425953 0.0078588268 -283.34192 -0.024098612 0.022364045 0.99945933 -5.6719952
-0.88063252 0.47284001 -0.030148195 263.48572 -0.4733021 -0.88084048 0.010243293 -283.94037 -0.021712286 0.023289828 0.99949288 -5.7267251
-0.88983709 0.45540267 -0.028259637 262.3154 -0.45585322 -0.88997412 0.011987599 -284.56818 -0.019691136 0.023549302 0.99952865 -5.8120236
-0.89712447 0.44075328 -0.030073786 261.19449 -0.44131324 -0.89722311 0.015267319 -285.10492 -0.020253751 0.026968691 0.99943101 -5.8822427
-0.90315193 0.42817602 -0.031338066 259.97455 -0.42890137 -0.90308863 0.021778123 -285.63147 -0.018976159 0.033109941 0.99927151 -5.9211445
-0.90658152 0.41992953 -0.042062704 258.72836 -0.42100963 -0.90681362 0.020969795 -286.22418 -0.029337173 0.036719684 0.99889487 -6.01337
-0.90957659 0.41360024 -0.040067669 257.62805 -0.41459882 -0.90976888 0.020691561 -286.74875 -0.027894262 0.035432618 0.99898267 -6.0995035
-0.91529149 0.40124068 -0.035321094 256.38748 -0.40230155 -0.91498131 0.031023446 -287.28601 -0.019870253 0.042605277 0.99889433 -6.1391845
-0.91912091 0.39189661 -0.04042238 255.15996 -0.39339304 -0.91849542 0.040097691 -287.79227 -0.021413608 0.052756563 0.99837774 -6.1910257
-0.91854441 0.39300403 -0.042710152 253.92421 -0.39475068 -0.91764218 0.045874052 -288.33356 -0.021163937 0.05899727 0.9980337 -6.2674356
-0.91281176 0.40590799 -0.044872805 252.64296 -0.40779057 -0.91187745 0.046755176 -288.93265 -0.021940188 0.060977437 0.99789792 -6.351275
-0.90807295 0.41653484 -0.043617122 251.54446 -0.41841817 -0.90680051 0.05136919 -289.47488 -0.01815496 0.064897224 0.99772674 -6.4145389
-0.90715653 0.41843039 -0.044533782 250.33189 -0.42028853 -0.90616155 0.047207214 -290.02335 -0.020601856 0.061541427 0.99789184 -6.4774027
-0.90889198 0.41500661 -0.041049439 248.98436 -0.41659251 -0.908041 0.043726165 -290.64203 -0.019127913 0.056843307 0.99819982 -6.5458651
-0.9165206 0.39834839 -0.036175966 247.66162 -0.39969471 -0.9155553 0.044748127 -291.19913 -0.01529574 0.055471979 0.99834305 -6.6049156
-0.92330062 0.38240445 -0.035818763 246.38307 -0.38381296 -0.92210597 0.049071644 -291.76184 -0.014263471 0.059055641 0.99815273 -6.6597066
-0.92671496 0.37425712 -0.033632949 245.13956 -0.37556455 -0.92542583 0.050379965 -292.32065 -0.012269729 0.059319265 0.99816358 -6.7141147
-0.92996716 0.36630449 -0.031341445 243.94008 -0.36750141 -0.92858744 0.051651575 -292.79172 -0.01018306 0.059552345 0.99817318 -6.7322936
-0.93172437 0.36204213 -0.028554698 242.7599 -0.36305964 -0.930471 0.049104247 -293.23114 -0.0087915016 0.056118734 0.99838531 -6.7809491
-0.93433517 0.35519168 -0.029271726 241.45317 -0.35628158 -0.93295664 0.05152867 -293.70633 -0.0090066846 0.058574077 0.99824238 -6.8646283
-0.93533617 0.35281783 -0.025806384 240.13576 -0.35372981 -0.93371701 0.055205096 -294.22998 -0.0046185073 0.060763862 0.99814141 -6.8900146
-0.93342733 0.35790727 -0.024819547 238.8365 -0.35873652 -0.9320063 0.051692914 -294.82935 -0.0046306946 0.057155307 0.99835449 -6.9083118
-0.93080252 0.36430582 -0.029801689 237.59175 -0.36542487 -0.92933893 0.052855004 -295.27698 -0.008440475 0.060087901 0.99815732 -6.9752545
-0.93043423 0.36530307 -0.029086241 236.40181 -0.36637753 -0.92896444 0.052843563 -295.67493 -0.0077161589 0.059824057 0.99817902 -7.0617995
-0.93227679 0.36115834 -0.020611703 235.12448 -0.36174548 -0.93070823 0.054058056 -296.15063 0.00034004726 0.057853311 0.99832493 -7.0859075
-0.93343884 0.35824829 -0.018715676 233.80286 -0.3587319 -0.93189317 0.053724982 -296.78247 0.0018058828 0.056862943 0.99838024 -7.0941992
-0.93493611 0.35411844 -0.022243967 232.53624 -0.35480484 -0.93356478 0.050696738 -297.31842 -0.0028135241 0.055290528 0.99846625 -7.1470227
-0.93760669 0.34647238 -0.02916692 231.29028 -0.3475512 -0.93634218 0.049712773 -297.7742 -0.010086104 0.056748081 0.99833751 -7.2169414
-0.9422096 0.33396709 -0.026591759 230.064 -0.33490926 -0.94099081 0.048702724 -298.21725 -0.0087574841 0.054794054 0.99845922 -7.2730207
-0.94701862 0.32070425 -0.017452188 228.83476 -0.32117727 -0.94576085 0.048800543 -298.6069 -0.00085504405 0.051820319 0.99865603 -7.2616105
-0.94965911 0.31271514 -0.018891651 227.46307 -0.31326419 -0.94856203 0.045776661 -299.09079 -0.0036048365 0.04939035 0.99877304 -7.2959614
-0.95084965 0.3092387 -0.016015049 226.19667 -0.30965251 -0.94964665 0.047816735 -299.60797 -0.0004218423 0.050425671 0.99872774 -7.3836493
-0.95357358 0.30083579 -0.013978106 225.04494 -0.30115107 -0.95215893 0.051974505 -299.98642 0.0023264233 0.053771079 0.99855059 -7.4230533
-0.95589757 0.29310083 -0.018756947 223.74274 -0.29368591 -0.95452803 0.05123277 -300.29785 -0.0028876516 0.054481976 0.9985106 -7.4357457
-0.95422947 0.29825768 -0.022103256 222.32758 -0.29902458 -0.95281959 0.052145675 -300.73041 -0.0055075544 0.056368403 0.99839485 -7.4733658
-0.95118147 0.30794466 -0.020591207 221.28149 -0.30861905 -0.94963461 0.054299034 -301.11511 -0.0028330144 0.05800312 0.99831235 -7.5259271
-0.94936055 0.31344885 -0.021550743 220.07693 -0.31415549 -0.94801992 0.050641578 -301.50952 -0.0045569772 0.054847449 0.99848431 -7.5706339
-0.94708294 0.32095852 0.0044337423 218.77333 -0.32057929 -0.94648188 0.037429772 -301.99042 0.016209876 0.03402777 0.99928939 -7.6096582
-0.94654644 0.32215622 0.016289996 217.57005 -0.32141662 -0.94622797 0.036660377 -302.4046 0.027224435 0.029464906 0.99919498 -7.6927528
-0.94812179 0.31580749 -0.036481537 216.2332 -0.31717077 -0.9474833 0.040964775 -302.81155 -0.02162865 0.05041052 0.99849433 -7.8375053
-0.94733357 0.31823298 -0.035875693 214.87244 -0.31956229 -0.94668311 0.040878486 -303.20401 -0.020954017 0.050190125 0.99851984 -7.8838391
-0.95092547 0.30903995 -0.015336688 213.64804 -0.30937895 -0.95043796 0.030859826 -303.67139 -0.0050396351 0.034090281 0.99940604 -7.7840424
-0.95902413 0.28232673 -0.023758229 212.28841 -0.28302285 -0.95849687 0.034377631 -304.15271 -0.01306645 0.039693139 0.99912649 -7.6984391
-0.95771253 0.28771043 0.0030939756 210.79494 -0.28737947 -0.9570294 0.038829729 -304.66605 0.014132755 0.036298603 0.99924105 -7.7323165
-0.95249236 0.30446133 0.0078620398 209.72301 -0.30364689 -0.95131242 0.052945197 -304.99405 0.023599029 0.04804264 0.99856645 -7.8191299
-0.95601678 0.29317451 -0.0089904163 208.62148 -0.29328489 -0.95506203 0.042900633 -305.23709 0.0039909757 0.043650512 0.99903888 -7.9450912
-0.95845443 0.28495374 -0.012911581 207.21446 -0.28523934 -0.95775527 0.036651045 -305.63153 -0.0019222727 0.038811281 0.99924469 -8.0194063
-0.95834756 0.2853758 -0.011440978 205.75627 -0.28560472 -0.95755857 0.038876966 -306.15207 0.00013914802 0.040525272 0.99917847 -8.0436487
-0.96063089 0.27750847 -0.013329841 204.56245 -0.2778258 -0.95971161 0.04202782 -306.51407 -0.0011297192 0.044076625 0.99902749 -8.0882063
-0.96325302 0.26839882 -0.010297398 203.37099 -0.26858157 -0.96209621 0.04727285 -306.81293 0.0027808973 0.048301432 0.99882889 -8.1109219
-0.96334755 0.26815814 -0.0072870268 202.05936 -0.26820689 -0.96228886 0.045444086 -307.1879 0.0051739863 0.045732904 0.99894023 -8.1167526
