0.83736485 0.50710893 -0.2041181 188.08595 -0.5377506 0.83125043 -0.14089055 -205.62645 0.098226272 0.22774085 0.96875614 -0.043825191
0.83893114 0.50428176 -0.20469542 188.06067 -0.53518277 0.83273196 -0.14191586 -205.60258 0.098890617 0.2286064 0.96848571 -0.01054337
0.83941519 0.50315487 -0.20548254 188.0143 -0.53438753 0.83301312 -0.14326108 -205.5675 0.099086873 0.23006198 0.96812087 0.0034831464
0.83943194 0.50382417 -0.20376679 187.99896 -0.53461057 0.83293355 -0.14288966 -205.56448 0.097732663 0.2288813 0.96853727 -0.049788531
0.83849663 0.50582206 -0.20266567 188.03079 -0.53625262 0.83201933 -0.14206338 -205.59288 0.096762761 0.22779894 0.9688893 -0.083552584
0.83755785 0.5073368 -0.20277219 188.07594 -0.53768414 0.83125687 -0.14111383 -205.59349 0.096963458 0.2272175 0.96900678 -0.054653566
0.83729357 0.50694889 -0.20481749 188.08231 -0.53794003 0.83081698 -0.14272033 -205.59908 0.097814038 0.2296775 0.96834147 -0.028224431
0.83764154 0.50607795 -0.20554844 188.03981 -0.53728867 0.83117026 -0.143116 -205.54425 0.098418124 0.23031785 0.96812838 0.0031884995
0.83906943 0.5040614 -0.20468639 188.0146 -0.53519005 0.83234507 -0.14416005 -205.53044 0.09770418 0.23050496 0.96815807 -0.012539728
0.8383382 0.50596863 -0.20297162 188.02547 -0.53660411 0.83156157 -0.14342034 -205.63043 0.096217208 0.22914863 0.96862847 -0.037030775
0.83781743 0.50659698 -0.20355648 188.08351 -0.53728217 0.83126682 -0.14259045 -205.673 0.096973881 0.22883046 0.9686287 -0.05989676
0.83701074 0.50721002 -0.20534347 188.0956 -0.53823054 0.8307873 -0.14180787 -205.6284 0.098670363 0.22921509 0.96836728 -0.056406848
0.83853215 0.5050596 -0.20443217 188.09552 -0.53593391 0.8321842 -0.14231797 -205.58583 0.098246224 0.22889848 0.96848482 -0.00048388116
0.83888167 0.50394207 -0.20575404 188.08107 -0.53525692 0.83241516 -0.14350735 -205.5965 0.098953515 0.23051518 0.9680295 0.0049172551
0.83957177 0.50399202 -0.20279722 188.01729 -0.53460944 0.83283091 -0.14350425 -205.5625 0.096570842 0.22889747 0.96865422 -0.027919093
0.83790392 0.50649631 -0.2034521 188.02782 -0.53720552 0.83123219 -0.14307773 -205.58882 0.096647725 0.22917919 0.96858019 -0.041810319
0.83681691 0.50769222 -0.20494878 188.067 -0.53853714 0.83072144 -0.14103694 -205.58578 0.09865199 0.22839238 0.96856517 -0.031123055
0.8374362 0.50642753 -0.20555465 188.1004 -0.53741223 0.83146906 -0.140928 -205.57524 0.099542409 0.22848323 0.96845341 -0.02499089
0.83916581 0.50325108 -0.206304 188.08755 -0.53446376 0.83331883 -0.14121746 -205.60831 0.10084895 0.22876413 0.96825188 -0.0019576885
0.83976388 0.50294298 -0.20461865 188.04536 -0.53386021 0.83354646 -0.14215891 -205.64729 0.099060997 0.22861485 0.96847188 0.0066460301
0.83878404 0.50425243 -0.20541605 188.00887 -0.53542948 0.83240306 -0.14296131 -205.61017 0.098899983 0.22989635 0.96818602 0.010688573
0.83761305 0.50654554 -0.20455365 188.039 -0.53731638 0.83149916 -0.14113204 -205.57745 0.098595865 0.22812074 0.96863848 -0.038803797
0.83739167 0.50735563 -0.20345362 188.063 -0.53781033 0.83126938 -0.14060441 -205.57169 0.097787693 0.22715694 0.96894735 -0.059237283
0.8379302 0.50621098 -0.20408641 188.0735 -0.53717428 0.8310796 -0.14411062 -205.57066 0.096661031 0.23038118 0.96829981 -0.027475899
0.83877182 0.50478148 -0.20416676 188.06367 -0.53586859 0.83175707 -0.14504951 -205.58832 0.096598282 0.23106682 0.96814251 -0.0089340536
0.83925486 0.50419396 -0.20363507 188.05511 -0.53512621 0.83229369 -0.14471164 -205.63866 0.096520968 0.23041727 0.96830469 -0.044522237
0.83790189 0.50548583 -0.20599923 188.05739 -0.53658336 0.83200157 -0.14095815 -205.6273 0.10013855 0.2286413 0.96836066 -0.021354424
0.83745146 0.50652552 -0.20527741 188.07504 -0.53750759 0.83130389 -0.14155206 -205.55862 0.09894748 0.22887728 0.96842843 -0.0083080279
0.83844382 0.5052672 -0.20432964 188.04422 -0.53620446 0.83186233 -0.1432081 -205.50395 0.097614914 0.22963023 0.96838653 -0.017133942
0.83860028 0.50505865 -0.20420443 188.02194 -0.53607929 0.83175218 -0.14431366 -205.52737 0.096959725 0.23048684 0.9682489 -0.04356635
0.83806223 0.5056408 -0.20497033 188.04234 -0.53675568 0.83145601 -0.14350228 -205.61383 0.097862482 0.23027839 0.96820754 -0.039872557
0.83893353 0.50451183 -0.20418882 188.06145 -0.53542984 0.83235049 -0.14327717 -205.64162 0.097670868 0.22952417 0.96840668 -0.069829486
0.83822668 0.5051983 -0.20538127 188.06659 -0.53624344 0.83207595 -0.14181307 -205.5898 0.099248253 0.22900148 0.96836948 -0.034407753
0.83753479 0.5066303 -0.20467502 188.06755 -0.53777909 0.83060449 -0.14459829 -205.61752 0.096745044 0.23117149 0.96810704 -0.00052834861
0.83802676 0.50551564 -0.20541352 188.06296 -0.5368576 0.83118451 -0.14468645 -205.59456 0.097594127 0.23152442 0.96793735 -0.0013016947
0.83855116 0.50506079 -0.20439404 188.05843 -0.53592312 0.83220375 -0.14227429 -205.57405 0.098239079 0.22883883 0.96851087 -0.035390735
0.83899117 0.5049423 -0.20287752 188.04849 -0.53534234 0.83276045 -0.14119849 -205.58502 0.097649992 0.22706816 0.96898746 -0.044478774
0.83853167 0.50542516 -0.20357049 188.06062 -0.53622603 0.83177811 -0.14361323 -205.60435 0.096738286 0.22957899 0.96848738 -0.012468937
0.83832711 0.50564671 -0.20386286 188.03326 -0.53668213 0.83119231 -0.14529097 -205.55063 0.095982008 0.23120578 0.96817654 -0.0018437145
0.83819151 0.50583786 -0.20394592 188.07018 -0.5367915 0.83129919 -0.14427453 -205.58656 0.096559353 0.23040062 0.96831143 -0.010943211
0.83756411 0.50664383 -0.20452383 188.06917 -0.53749305 0.83124799 -0.14194757 -205.59346 0.098091505 0.22881486 0.96853602 -0.013857081
0.83780247 0.50618792 -0.20467716 188.06551 -0.53711075 0.83143073 -0.14230968 -205.55275 0.098138273 0.22915663 0.96844947 -0.017863953
0.83826077 0.50657892 -0.20181464 188.07777 -0.53689718 0.83144867 -0.14300688 -205.61395 0.095353276 0.22822583 0.96894693 -0.053855456
0.83792466 0.5067026 -0.20289938 188.03421 -0.53716576 0.83146077 -0.14192806 -205.62788 0.096786484 0.22791079 0.96887982 -0.051561683
0.83860719 0.50447768 -0.2056095 188.02838 -0.53555512 0.83256143 -0.14156641 -205.60509 0.099764243 0.22882888 0.96836179 -0.01899611
0.83815283 0.50518519 -0.20572343 188.02788 -0.53629309 0.83207381 -0.14164646 -205.56694 0.099618018 0.22904438 0.96832609 -0.0056741275
0.83764565 0.50661808 -0.20426826 188.05312 -0.53747714 0.83113486 -0.1426722 -205.55637 0.097492956 0.22929297 0.9684841 -0.013869424
0.83888572 0.50467139 -0.20399939 188.06355 -0.53574306 0.8318029 -0.14527233 -205.58139 0.096371457 0.2311527 0.96815479 -0.013593927
0.83923531 0.50408244 -0.20402429 188.05907 -0.53502601 0.83250582 -0.14388804 -205.58435 0.097318858 0.22990859 0.96835726 -0.027131673
0.83823097 0.50642765 -0.20234013 188.01189 -0.53652412 0.83227932 -0.13955387 -205.59193 0.097728379 0.22553302 0.96934474 -0.033074718
0.8377763 0.50623167 -0.20469832 188.02486 -0.53689009 0.83201849 -0.13969302 -205.60431 0.099594809 0.22692637 0.96882844 -0.046870112
0.83789533 0.50620109 -0.20428826 188.02759 -0.53700179 0.83155239 -0.14202359 -205.56792 0.097983047 0.2286984 0.96857685 -0.054248795
0.83853042 0.50482804 -0.20508455 188.06845 -0.53607011 0.83173716 -0.14444074 -205.60811 0.097658016 0.23105174 0.96805173 -0.026274012
0.83898407 0.50413066 -0.20494844 188.07201 -0.53523594 0.83246237 -0.14335683 -205.57407 0.098340571 0.22996388 0.96824247 -0.00022021635
0.83839977 0.50507569 -0.20501377 188.04454 -0.53598058 0.8323338 -0.14131193 -205.54892 0.099265836 0.2283534 0.96853012 -0.0056556254
0.83791804 0.50598377 -0.20474234 188.04027 -0.53678733 0.83186454 -0.14101405 -205.59947 0.098966129 0.2280557 0.96863151 -0.051312029
0.83864248 0.50543034 -0.20313914 188.07263 -0.53609914 0.8319093 -0.14335412 -205.60378 0.0965368 0.22911975 0.96862626 -0.052128248
0.83848453 0.50547129 -0.20368691 188.04985 -0.53619075 0.83198237 -0.14258352 -205.61813 0.097390786 0.22876336 0.96862489 -0.03801278
0.83779407 0.50647736 -0.20402648 188.03598 -0.53726166 0.831303 -0.14251307 -205.61447 0.097426906 0.22900647 0.96856338 -0.040123075
0.83755767 0.50748849 -0.20247996 188.05566 -0.53797776 0.83071059 -0.14326514 -205.65453 0.095495552 0.22891666 0.96877837 -0.027146805
0.83813751 0.50659782 -0.20230816 188.08966 -0.53714848 0.83108169 -0.14422068 -205.63159 0.09507142 0.22954057 0.96867293 -0.064597435
0.83895773 0.504318 -0.20459142 188.07216 -0.53531206 0.8324607 -0.14309479 -205.56468 0.098147541 0.22956516 0.96836054 -0.012411698
0.83884597 0.50423598 -0.20524672 188.05629 -0.53533816 0.83252114 -0.14263527 -205.56943 0.098949268 0.22951983 0.96829057 -0.0042772191
0.83861333 0.50481993 -0.20476714 188.02414 -0.53576201 0.83232105 -0.14221522 -205.61189 0.098637521 0.22896425 0.96845567 -0.018093303
0.83847898 0.50513864 -0.20452952 188.02565 -0.53597665 0.83226156 -0.14175552 -205.57928 0.098614417 0.22847614 0.96857417 -0.036919121
0.83814502 0.50583321 -0.20418325 188.06392 -0.53669339 0.83161861 -0.14282387 -205.53757 0.097555801 0.22928455 0.9684909 -0.039306752
0.83832693 0.50574547 -0.20365076 188.08095 -0.53639925 0.83194751 -0.14200665 -205.57117 0.097605869 0.2282798 0.96872312 -0.028734967
0.83838594 0.50535381 -0.20438321 188.06395 -0.53623784 0.83195955 -0.14255367 -205.62157 0.097996749 0.2291064 0.96848935 -0.043518737
0.83756322 0.50657916 -0.20472264 188.04088 -0.53768915 0.83075511 -0.1441011 -205.60178 0.097074211 0.23076412 0.96819025 -0.017100343
0.8381983 0.50622171 -0.20300759 188.07579 -0.53691518 0.83128756 -0.14393297 -205.61035 0.095894054 0.22963476 0.96857673 -0.02018518
0.83902609 0.50505066 -0.20250995 188.06703 -0.5355432 0.83233398 -0.14300098 -205.59105 0.096331514 0.22842711 0.96881998 -0.039618876
0.8386454 0.50514293 -0.20385922 188.02661 -0.53591508 0.8321541 -0.14265925 -205.56728 0.097577244 0.22888452 0.96858782 -0.040449534
0.83764011 0.50612485 -0.20554961 188.02066 -0.53728789 0.83126682 -0.14266869 -205.56062 0.098656513 0.22993691 0.96822983 -0.022885367
0.83765894 0.50639606 -0.20480496 188.05537 -0.53729236 0.83141524 -0.14178374 -205.58913 0.098477393 0.22879916 0.96851885 -0.026699876
0.83760071 0.50642073 -0.20498562 188.08536 -0.53749138 0.83106458 -0.1430826 -205.61223 0.097894393 0.23001654 0.96829033 -0.030155921
0.83792961 0.50613439 -0.20433916 188.06848 -0.53711474 0.83120579 -0.1436701 -205.61006 0.097129755 0.23013188 0.96833766 -0.0021902174
0.83898169 0.5048244 -0.20326474 188.01231 -0.53554797 0.83224112 -0.14352927 -205.56369 0.096706301 0.22926918 0.96858597 -0.019937586
0.83902436 0.50450206 -0.20388876 187.98825 -0.53515351 0.83287215 -0.14132951 -205.59833 0.098510101 0.22768342 0.96877873 -0.053571068
0.83877909 0.50485837 -0.20401603 188.03125 -0.53547847 0.83275974 -0.14075854 -205.64172 0.098830849 0.22730432 0.96883535 -0.067025371
0.83841413 0.50592315 -0.20287773 188.09763 -0.53635782 0.83204472 -0.14163613 -205.6207 0.097144216 0.22755773 0.9689461 -0.047032345
0.83735621 0.50718093 -0.20410784 188.07901 -0.53794289 0.83093953 -0.14212185 -205.56232 0.097517692 0.22879769 0.9686172 0.00020967473
0.83829576 0.50564641 -0.20406629 188.06049 -0.53644699 0.83184808 -0.14247657 -205.5634 0.09770678 0.2289003 0.96857542 -0.012325525
0.83868378 0.50470656 -0.20479318 188.04234 -0.5356881 0.83233047 -0.14251152 -205.59103 0.098526463 0.2292196 0.96841735 -0.026925029
0.83897769 0.50383228 -0.20574701 188.09109 -0.53499192 0.83286077 -0.14202046 -205.66139 0.099801756 0.2292176 0.968288 -0.043123409
0.83827484 0.505404 -0.20475444 188.07161 -0.53636372 0.83190274 -0.14245974 -205.65274 0.098333791 0.22923586 0.96843493 -0.034898419
0.83795649 0.50603271 -0.20450546 188.04288 -0.53686136 0.83169657 -0.14179151 -205.56798 0.098332815 0.22859851 0.96858579 -0.028175207
0.83846849 0.50610965 -0.20220919 187.9966 -0.53633744 0.83214396 -0.1411545 -205.5228 0.096825063 0.22679844 0.96916151 -0.043644089
0.83935738 0.50576019 -0.19938059 188.04701 -0.53535151 0.83275712 -0.14129408 -205.57141 0.094572134 0.22532709 0.96972793 -0.019568207
0.83837211 0.50578368 -0.20342471 188.11829 -0.53635281 0.83204526 -0.141691 -205.65866 0.097590931 0.22788914 0.96882993 -0.0097672176
0.83666164 0.50741363 -0.20638713 188.09361 -0.5387876 0.83026898 -0.14287412 -205.62776 0.098857582 0.23072754 0.96802962 -0.027306676
0.83730882 0.50702637 -0.20471475 188.0609 -0.53806561 0.83064044 -0.14344345 -205.6111 0.09731172 0.23024754 0.96830106 -0.032647215
0.83841783 0.50547194 -0.2040197 188.06027 -0.53627825 0.83193666 -0.14262943 -205.58617 0.097633198 0.22898528 0.96856809 -0.040724013
0.8394751 0.50302088 -0.20573139 188.05641 -0.53416377 0.83343577 -0.14181682 -205.55908 0.10012393 0.22893664 0.96832693 -0.037640925
0.8398543 0.50277209 -0.20479317 188.09236 -0.53363878 0.83386981 -0.14124881 -205.61363 0.099751689 0.2279045 0.9686088 -0.018220717
0.83793002 0.50582772 -0.20515628 188.06557 -0.53695971 0.83139455 -0.14324288 -205.63226 0.098106459 0.23017848 0.96824002 -0.018534331
0.83721006 0.50727129 -0.20453198 188.02043 -0.53825366 0.8305425 -0.14333446 -205.62636 0.097159833 0.23008123 0.9683584 -0.039936256
0.8383373 0.50596893 -0.20314223 188.04643 -0.53653777 0.83181846 -0.14236976 -205.61629 0.096939489 0.22833729 0.96879429 -0.023047477
0.83834636 0.50458968 -0.20650914 188.0753 -0.53587878 0.83237696 -0.14158858 -205.59593 0.10044576 0.22935395 0.96819782 0.020688111
0.83812237 0.50480241 -0.2068987 188.06982 -0.53620929 0.83211923 -0.14185378 -205.56784 0.10055255 0.22982159 0.96807635 0.01498529
0.8377105 0.50656456 -0.20425044 188.04282 -0.53742599 0.831182 -0.1427474 -205.58711 0.097454756 0.22933973 0.96850842 -0.033470426
0.83748841 0.50701118 -0.20406134 188.00917 -0.53767234 0.83128124 -0.14124018 -205.58517 0.098018013 0.22799411 0.96877193 -0.062238835
0.8377043 0.50631917 -0.20489459 188.05005 -0.53706837 0.83185643 -0.1401505 -205.61153 0.099477932 0.2274361 0.96875495 -0.042191487
0.83716625 0.50695032 -0.20552921 188.04683 -0.53800249 0.83098942 -0.1417006 -205.61354 0.098953523 0.22919142 0.96839529 -0.010162153
0.83808339 0.50573474 -0.20479488 188.08507 -0.53682357 0.83141416 -0.14367877 -205.5883 0.097601965 0.23034231 0.96826023 -0.022465963
0.83813119 0.50620508 -0.2034349 188.10706 -0.53687978 0.83153248 -0.14278033 -205.61314 0.096882589 0.22887745 0.96868032 -0.06134155
0.8384009 0.50580925 -0.20330574 188.04068 -0.53626615 0.83225316 -0.1408781 -205.6469 0.097940251 0.22712702 0.96898669 -0.055348925
0.83859545 0.50491375 -0.20472214 188.01295 -0.53575402 0.8325035 -0.14133927 -205.61711 0.099063732 0.22819607 0.96862018 -0.039874367
0.83844233 0.50543779 -0.20406298 188.01843 -0.53623539 0.832003 -0.14247452 -205.55759 0.097764455 0.22887057 0.96859396 -0.020365056
0.83810169 0.50593644 -0.20423348 188.03354 -0.53683227 0.83151174 -0.14309496 -205.54857 0.097420834 0.22955468 0.96846741 -0.015549541
0.83773959 0.50648755 -0.20435318 188.0336 -0.53735518 0.83126307 -0.1425789 -205.57809 0.097652018 0.22924174 0.96851861 -0.046911243
0.83784842 0.50566053 -0.20595251 188.05028 -0.53668302 0.83207405 -0.14036705 -205.61577 0.10038456 0.22812492 0.96850312 -0.03419457
0.83840209 0.50492334 -0.2055127 188.03598 -0.53586936 0.83256155 -0.14058322 -205.60193 0.10011352 0.22798085 0.96856421 -0.037370391
0.83806449 0.50621897 -0.20369452 188.06673 -0.53688806 0.83164495 -0.14212123 -205.58934 0.097452395 0.22845536 0.96872389 -0.006945828
0.83751696 0.50641865 -0.20544535 188.07935 -0.5375784 0.83106279 -0.14291897 -205.55632 0.098356195 0.23012714 0.96823746 -0.016332725
0.83793867 0.50542665 -0.20617212 188.06816 -0.53673989 0.83164757 -0.14267257 -205.59944 0.099347048 0.23019843 0.96812052 -0.028576208
0.83837402 0.50522554 -0.20489189 187.98657 -0.5360598 0.83238578 -0.14091803 -205.58282 0.099348605 0.2279631 0.96865028 -0.038995117
0.83810461 0.50581491 -0.20453788 187.9922 -0.5364204 0.83238661 -0.13953303 -205.56305 0.09967155 0.22664858 0.9689247 -0.033234287
0.83821768 0.50600672 -0.20360602 188.04088 -0.53660506 0.83191562 -0.14162135 -205.55122 0.097716823 0.22795261 0.96881908 -0.05172231
0.83780366 0.50636446 -0.20442064 188.105 -0.53733796 0.83112633 -0.14346968 -205.63242 0.097246476 0.23002914 0.96837711 -0.023169883
0.83791476 0.50580764 -0.20534754 188.07985 -0.53684342 0.83171481 -0.14189924 -205.62352 0.099011913 0.22912566 0.96841311 -0.0048381817
0.83815199 0.5059374 -0.20406517 187.99921 -0.53655177 0.83210516 -0.14071974 -205.55623 0.098603219 0.22742237 0.96885824 -0.023516806
0.83857155 0.50519133 -0.20418905 188.00574 -0.53589809 0.83242881 -0.14128771 -205.55722 0.098590776 0.22789066 0.96874827 -0.05469691
0.83852327 0.50526416 -0.20421009 188.02766 -0.53616393 0.83193958 -0.14315078 -205.60454 0.097556859 0.22951142 0.96847051 -0.047728099
0.8373248 0.50714755 -0.20446505 188.02736 -0.53815442 0.83054626 -0.14377292 -205.5798 0.096898928 0.23040418 0.96832532 -0.018170211
0.8382197 0.50510758 -0.20585336 188.10681 -0.53630966 0.83199102 -0.14231816 -205.62433 0.099377044 0.22968034 0.96824729 -0.015983796
0.83757937 0.50642037 -0.20523944 188.10925 -0.53726083 0.83172095 -0.14029603 -205.58998 0.099648185 0.22776148 0.96867371 -0.0092831859
0.83689523 0.50763917 -0.20502076 188.04108 -0.5384469 0.83090872 -0.14056164 -205.56442 0.098993964 0.22801334 0.96868181 -0.028449073
0.83769339 0.5058282 -0.20623703 187.9848 -0.53696191 0.83182234 -0.14084227 -205.55795 0.10030547 0.22870912 0.96838248 -0.036010124
0.83885503 0.50370133 -0.20672521 188.02147 -0.53493917 0.83316636 -0.14059386 -205.59926 0.101414 0.2285078 0.96831453 -0.027535476
0.838121 0.5045529 -0.20762579 188.04726 -0.53599757 0.83248496 -0.14060642 -205.57356 0.1018964 0.22911678 0.9681229 -0.029257001
0.83686823 0.50716531 -0.20630875 188.06337 -0.53833485 0.83089107 -0.14110708 -205.59418 0.099849924 0.22913563 0.96833152 -0.030487848
0.83748311 0.50655341 -0.20531796 188.04456 -0.53708553 0.83236122 -0.13715455 -205.55392 0.1014168 0.22512226 0.96910983 -0.0055395216
0.83879942 0.50549465 -0.20254037 188.0475 -0.5353657 0.83351135 -0.13689038 -205.56328 0.099616967 0.22324137 0.96973372 -0.028349318
0.83966303 0.50464875 -0.20106719 188.05797 -0.5345282 0.83349001 -0.14025563 -205.58517 0.096802242 0.22522777 0.96956134 -0.068505481
0.83839375 0.50451595 -0.20662618 188.09741 -0.53582793 0.83242828 -0.14160252 -205.60229 0.100555 0.22941853 0.96819621 -0.054119091
0.83722365 0.50364351 -0.21339069 188.08893 -0.5364331 0.83224553 -0.14038484 -205.59682 0.10688329 0.23198694 0.96690565 -0.012940813
0.8393696 0.49836749 -0.21731593 188.17102 -0.53230983 0.83461946 -0.14198256 -205.70178 0.11060992 0.23483853 0.96579921 0.021296706
0.84210002 0.49360695 -0.21761166 188.198 -0.52879989 0.83505756 -0.15215354 -205.72531 0.10660808 0.24318457 0.96418232 -0.00019424219
0.84528226 0.48315609 -0.22846194 188.33865 -0.52176207 0.8385787 -0.15700758 -205.8011 0.11571768 0.2519007 0.96088833 0.046775632
0.84224719 0.48180383 -0.24212249 188.41959 -0.52316189 0.83889407 -0.15053397 -205.85712 0.13057989 0.25343803 0.95857692 0.08739575
0.84306878 0.47639394 -0.24984577 188.48103 -0.51687849 0.84604961 -0.13091859 -205.85535 0.14900401 0.23949651 0.95947474 0.078771673
0.84844857 0.46694663 -0.24947432 188.62714 -0.50498146 0.85528719 -0.11653946 -205.92993 0.15894462 0.22484206 0.96142471 0.026455112
0.85141742 0.45660719 -0.25834608 188.75182 -0.49918333 0.85656768 -0.13119864 -205.99878 0.16137476 0.24064934 0.95718473 -0.037921
0.85700923 0.44138327 -0.26619688 188.87804 -0.49089885 0.85637552 -0.16045512 -206.09131 0.15713321 0.26816747 0.95055443 0.051227443
0.86120242 0.42537838 -0.27844468 188.96608 -0.47938684 0.86179841 -0.16612786 -206.10204 0.16928621 0.27653173 0.94606096 0.25062686
0.86215621 0.42073154 -0.28252462 189.18611 -0.46986365 0.87248713 -0.13454269 -206.22545 0.18988103 0.24872696 0.94986385 0.30655992
0.86563963 0.40678716 -0.29213339 189.31235 -0.44678578 0.89079779 -0.083486617 -206.22395 0.22625567 0.20277727 0.95281315 0.1900003
0.87046278 0.37757656 -0.31603846 189.37627 -0.41807553 0.90582478 -0.069295458 -206.08699 0.26009372 0.19243518 0.9462992 0.065617882
0.87328678 0.36173195 -0.32660526 189.53708 -0.4156802 0.90268707 -0.11168545 -206.21713 0.25440565 0.23328067 0.93862724 0.08815372
0.87459522 0.36273172 -0.32196075 189.66388 -0.42370936 0.89445651 -0.14326708 -206.44527 0.23599733 0.26169932 0.93593872 0.43187943
0.88512808 0.37461254 -0.27633816 189.97746 -0.42123935 0.8972078 -0.13297234 -206.56895 0.1981069 0.23408544 0.95190436 0.58550346
0.89935279 0.39009345 -0.19784449 190.29353 -0.41352925 0.90568024 -0.094054975 -206.56548 0.14248335 0.16639213 0.97579706 0.41907859
0.91246682 0.39157337 -0.11927226 190.53287 -0.39744338 0.91721964 -0.029299671 -206.44611 0.097917497 0.074136503 0.9925139 0.23216367
0.92357063 0.37877464 -0.060827505 190.83418 -0.37795788 0.92555338 0.024747452 -206.43745 0.065665618 0.00013843921 0.99792629 0.088563509
0.93084043 0.36444396 -0.029507987 191.1423 -0.3630048 0.93078023 0.044617508 -206.45117 0.043720018 -0.03081321 0.99865407 0.080847748
0.9291389 0.3679969 -0.037856471 191.27765 -0.366786 0.92970198 0.035173547 -206.51178 0.048132811 -0.018789919 0.9987492 0.14701799
0.92974794 0.36600599 -0.041980982 191.42329 -0.36526668 0.93064904 0.0242052 -206.52054 0.047922798 -0.0071661547 0.99891156 0.38134712
0.93556094 0.35149071 -0.03650748 191.85521 -0.35055727 0.93613875 0.029432466 -206.7444 0.044515416 -0.014732939 0.99898648 0.41971114
0.93963188 0.33939922 -0.045334589 192.07762 -0.33860207 0.94067729 0.024297493 -206.86627 0.050885413 -0.0074759321 0.99876314 0.21460837
0.94383544 0.32803425 -0.041517083 192.21019 -0.32757604 0.94472688 0.017392313 -206.84747 0.0449218 -0.0028114449 0.99907273 0.19518363
0.94392478 0.32833484 -0.036861945 192.50212 -0.3276417 0.94457287 0.023451602 -206.93126 0.042513207 -0.010054322 0.99913216 0.33028197
0.93969309 0.34105229 -0.028607249 192.81433 -0.34036344 0.93999308 0.026159601 -207.03326 0.035807341 -0.014839928 0.99933553 0.29202351
0.93750823 0.34688702 -0.030142235 193.17464 -0.34650823 0.93795902 0.016909443 -207.16977 0.034133118 -0.0054037245 0.99948972 0.22682074
0.93402433 0.35631853 -0.028276542 193.6362 -0.35609674 0.93443292 0.012427157 -207.43773 0.030846056 -0.0015340196 0.99961084 0.29484618
0.92990953 0.36643401 -0.034041665 193.75858 -0.36602661 0.93050629 0.017531469 -207.41397 0.038095042 -0.0038380558 0.99935395 0.34442568
0.92984098 0.36760607 -0.020746555 194.05766 -0.3672803 0.93001252 0.017575957 -207.46223 0.025751367 -0.0087181926 0.99971855 0.20336053
0.92321521 0.38416132 -0.016201548 194.49498 -0.38404515 0.9233349 0.0093377633 -207.7803 0.018543128 -0.0023943579 0.9999131 0.168387
0.91435581 0.40485883 -0.014667776 194.87366 -0.40476379 0.91445088 0.0085853953 -207.9622 0.016885309 -0.0019090871 0.9999451 0.246683
0.90833938 0.4176304 -0.026090352 195.29181 -0.4169848 0.90859562 0.026638895 -208.13414 0.034825675 -0.013312374 0.99939543 0.33161122
0.90032905 0.43376857 -0.037810329 195.50972 -0.43272933 0.90100771 0.032611001 -208.1976 0.048206858 -0.012993282 0.99884385 0.23052418
0.8942495 0.44667357 -0.031289738 195.84828 -0.44590035 0.89469939 0.02861812 -208.42932 0.04077233 -0.011634155 0.99919212 0.1865796
0.88766813 0.46058226 -0.0094950907 196.3634 -0.46030754 0.88757479 0.021539135 -208.73947 0.018344184 -0.014743404 0.99981487 0.21811615
0.87996691 0.47516263 -0.0077126082 196.73369 -0.47504777 0.87994796 0.012576107 -208.9299 0.012758947 -0.0073980787 0.99998331 0.26593989
0.87173724 0.49002659 -0.011470903 197.11853 -0.48989081 0.87177664 0.012342428 -209.09035 0.016044239 -0.0051354044 0.99995315 0.21046223
0.85974175 0.51074213 -0.013118184 197.51721 -0.51029211 0.85966378 0.026882183 -209.35608 0.025002321 -0.016411571 0.99964851 0.2152757
0.84973246 0.52733487 -0.0076107532 197.87021 -0.52634716 0.84885538 0.050467484 -209.59547 0.033067971 -0.038869251 0.99879324 0.14602077
0.84195179 0.53971899 -0.0025434997 198.21829 -0.53900677 0.84104991 0.047449686 -209.8685 0.027743341 -0.038570765 0.99896723 0.090370834
0.8315078 0.55567998 0.001124737 198.5959 -0.555439 0.83106965 0.030926252 -210.1228 0.016246134 -0.026332961 0.99961787 0.19181354
0.81879437 0.57423508 0.0040769675 199.07988 -0.57397592 0.81814957 0.036470909 -210.42018 0.017602824 -0.032194391 0.99942309 0.28414798
0.80350047 0.59544182 -0.0049301018 199.50099 -0.59472996 0.80287755 0.042813495 -210.72235 0.029445747 -0.031460561 0.99916828 0.23279688
0.79149789 0.61132765 0.00038960268 199.8661 -0.6103518 0.7901811 0.05690426 -211.04341 0.034473158 -0.045267422 0.99847752 0.11236002
0.78093916 0.62467879 0.010038989 200.28941 -0.62425083 0.77953899 0.052768115 -211.43394 0.025132019 -0.047465384 0.99865466 0.068974212
0.77357477 0.63383019 0.0056785666 200.71613 -0.63347208 0.77274585 0.041628066 -211.75903 0.021992145 -0.035790928 0.9992159 0.1274806
0.76929134 0.63899148 -0.008560366 201.04826 -0.6386106 0.76917064 0.02666641 -212.0327 0.023619184 -0.015041075 0.99970704 0.19212329
0.77006376 0.63795227 -0.014631925 201.49466 -0.63742143 0.77007145 0.029060237 -212.40529 0.029801294 -0.01304535 0.99957031 0.26980406
0.77854216 0.62771821 -0.0062840586 201.94484 -0.62706274 0.77810377 0.038867466 -212.7643 0.029281855 -0.026312184 0.99932373 0.17787668
0.78539962 0.61914986 -0.0014388593 202.20364 -0.61842811 0.78457749 0.046386413 -213.00014 0.029843245 -0.035533603 0.9990232 0.10605489
0.78711605 0.616956 0.0039205127 202.59244 -0.61655354 0.78632408 0.04151798 -213.31255 0.02252687 -0.035088409 0.99923134 0.067116603
0.78694528 0.61716956 0.0047596637 203.05052 -0.61702514 0.78652817 0.028662607 -213.64424 0.013941688 -0.025485504 0.99967998 0.13227479
0.78826809 0.61549753 0.00047096459 203.54648 -0.61530411 0.78798854 0.025373437 -213.95363 0.015241779 -0.020284185 0.9997806 0.22363405
0.79095739 0.61201113 -0.005788689 203.89407 -0.61168069 0.79076844 0.026490925 -214.2229 0.020785371 -0.01740583 0.99973506 0.16775294
0.79755533 0.60339803 -0.0047237244 204.24811 -0.60282314 0.79707915 0.037881386 -214.51617 0.026617339 -0.027357401 0.99937534 0.055459462
0.80158865 0.59804916 0.00041546396 204.59692 -0.59755611 0.80088508 0.040956274 -214.77113 0.024155807 -0.033070091 0.99926567 0.06634137
0.80343676 0.59556526 2.2234002e-05 204.98666 -0.59520304 0.80293399 0.034608569 -215.04283 0.020588903 -0.027811363 0.9995057 0.13723941
0.80383795 0.59502435 -0.00014137253 205.42157 -0.59482503 0.80356038 0.02533845 -215.32588 0.015186297 -0.020277318 0.99978417 0.11466782
0.80561906 0.59251487 -0.010594213 205.88028 -0.5919953 0.80545181 0.030919228 -215.68367 0.026847888 -0.018630723 0.99957007 0.13657625
0.81008291 0.58632267 -0.014171499 206.18227 -0.5857926 0.81004083 0.0291247 -215.87469 0.028550517 -0.015285533 0.99958026 0.11782122
0.81100059 0.58510911 -0.011637453 206.57942 -0.58461463 0.81088513 0.029290795 -216.17836 0.026569674 -0.016944915 0.99960828 0.11858036
0.81316978 0.58221 0.00055906794 207.02367 -0.58200097 0.81284148 0.027077114 -216.50916 0.015305774 -0.022336673 0.99973905 0.069507815
0.81358606 0.58161759 -0.0037739689 207.30452 -0.58148855 0.81350023 0.016086392 -216.68513 0.012422398 -0.010887536 0.99996948 0.064312205
0.81523168 0.579238 -0.0099084061 207.66634 -0.5789724 0.81519842 0.020372167 -216.92554 0.019873077 -0.010865618 0.99985009 0.15801467
0.8172918 0.57608747 -0.019332448 208.07359 -0.57560372 0.8174457 0.025227953 -217.21907 0.030331129 -0.0094850585 0.99960101 0.15368462
0.81697619 0.57657611 -0.018129988 208.49623 -0.57613301 0.81710482 0.024224224 -217.56607 0.02877577 -0.0093394965 0.99964911 0.10258588
0.81603831 0.57817638 -0.0037972536 208.88405 -0.57800984 0.81592059 0.018849732 -217.83192 0.013992648 -0.013181235 0.99992245 0.032044157
0.81688613 0.57694554 -0.00719435 209.17955 -0.57684052 0.81687683 0.011982418 -218.01968 0.012786302 -0.0056331558 1.0000099 0.073603369
0.81561124 0.57873398 -0.0082331495 209.51335 -0.57859206 0.81560338 0.014127055 -218.21461 0.014886684 -0.0067531769 0.9999755 0.13538001
0.81334698 0.58191013 -0.0082807643 209.90674 -0.58177358 0.81334317 0.013748344 -218.47733 0.014731355 -0.0063592806 0.99998039 0.13272184
0.80909985 0.58778459 -0.0093651693 210.31883 -0.58764064 0.80911326 0.013844619 -218.8316 0.015710998 -0.0056930394 0.99996966 0.088116348
0.8068918 0.59087223 -0.0044285916 210.65253 -0.59077269 0.80684352 0.013110857 -219.11525 0.011316274 -0.0079572704 1.0000138 0.066787519
0.8061192 0.59183675 -0.011097094 210.93192 -0.59170747 0.80616677 0.01244622 -219.28168 0.016308121 -0.0034618455 0.99996954 0.10032643
0.80745888 0.58992398 -0.014943441 211.23618 -0.58976012 0.80757254 0.013719376 -219.46021 0.020156913 -0.0022597378 0.99990314 0.12202038
0.81115884 0.58494729 -0.0089306692 211.68509 -0.58460164 0.81105143 0.024809934 -219.76056 0.021750208 -0.014897137 0.99976248 0.11723685
0.8161487 0.57794422 -0.01025953 212.0598 -0.57748371 0.81600362 0.028837746 -219.98981 0.025032476 -0.017603876 0.99964154 0.050589643
0.8171553 0.57657921 -0.0062909084 212.26839 -0.57628083 0.81699318 0.024589527 -220.22971 0.019312138 -0.016461046 0.99978817 -0.001285607
0.82209295 0.56955349 0.00052388385 212.69716 -0.56926876 0.82164645 0.031844363 -220.4606 0.017701274 -0.026468782 0.99960351 0.0693288
0.82925779 0.55906856 0.0019044251 213.09036 -0.55864233 0.82847708 0.041579168 -220.58595 0.021661904 -0.035534002 0.99924397 0.078585625
0.83310962 0.5533188 0.00046014859 213.45964 -0.5528658 0.83238727 0.040696964 -220.86375 0.02212956 -0.034149867 0.99928296 0.054664642
0.83600605 0.54891694 0.0042301659 213.81339 -0.54839599 0.83481854 0.050252508 -221.14897 0.024046985 -0.044320356 0.9988395 0.075341836
0.84260416 0.53860986 0.012328827 214.06807 -0.53832597 0.84081513 0.058492742 -221.26031 0.021132497 -0.055910885 0.99832416 0.036308341
0.84728444 0.53115755 0.014689274 214.44106 -0.53109556 0.84567577 0.054387134 -221.41588 0.016460314 -0.053870939 0.99852508 0.012017942
0.84941375 0.52777034 0.013877691 214.85715 -0.52775609 0.84810138 0.048874408 -221.65657 0.014019624 -0.048827328 0.99882287 0.0039786757
0.85257 0.52264386 0.01439332 215.25764 -0.52264899 0.85119998 0.049887504 -221.9483 0.013816672 -0.050043881 0.99876469 0.030228687
0.85735905 0.51493359 0.0041987342 215.60641 -0.51448238 0.85620302 0.049159817 -222.17012 0.021713367 -0.044296898 0.99889451 0.037958141
0.86232215 0.5065819 0.0039471709 215.9364 -0.50608581 0.86107332 0.051227126 -222.31911 0.022546099 -0.04616053 0.99879169 -0.011939704
0.86613238 0.50001281 0.0066160625 216.28076 -0.49967515 0.86488324 0.049959708 -222.45844 0.019252874 -0.046566218 0.99884272 -0.011012329
0.86771888 0.49729386 0.0020544264 216.62445 -0.49690625 0.86686015 0.042791668 -222.66132 0.019493753 -0.038141895 0.99919599 0.03451103
0.87214649 0.48949242 0.00016331433 216.97041 -0.48915187 0.87152296 0.037045293 -222.86363 0.017985892 -0.03237953 0.99942756 0.015315106
0.87466294 0.4849768 -0.0023251793 217.39166 -0.4845466 0.87406343 0.037720773 -223.13562 0.020320645 -0.031857003 0.99940026 0.030838076
0.87865144 0.47771871 0.00044118101 217.75909 -0.47738966 0.87800968 0.037341677 -223.32176 0.01744628 -0.033011433 0.99941713 -0.041444808
0.88202327 0.47145912 -0.0025631981 218.04385 -0.47113588 0.88159084 0.032032538 -223.48027 0.017356636 -0.027037069 0.99959832 -0.0194287
0.88628799 0.46331874 -0.0087257316 218.40005 -0.46284178 0.88597661 0.031981692 -223.62386 0.022542896 -0.024297845 0.99956542 0.035093956
0.88890356 0.4581756 -0.013116672 218.74333 -0.45749488 0.88860697 0.035746545 -223.77014 0.028027555 -0.025765445 0.99938995 0.030818921
0.88915294 0.45753732 -0.017761983 219.08888 -0.4570027 0.88916713 0.027090756 -223.99586 0.028182251 -0.015962847 0.9995904 0.0064336355
0.88999087 0.45605209 -0.013516166 219.5201 -0.45558974 0.8898927 0.027081288 -224.18616 0.024372533 -0.017936509 0.99965733 0.028814232
0.89401281 0.44827786 -0.006069514 219.81662 -0.44793138 0.89371395 0.028918307 -224.3345 0.018382542 -0.023126274 0.99967933 -0.019483408
0.89605385 0.44419813 -0.0050732121 220.10452 -0.44399846 0.8958919 0.021147151 -224.48976 0.013933764 -0.016689276 0.99987996 -0.028154571
0.89709121 0.44210607 -0.0046806382 220.48376 -0.44194287 0.89695859 0.018885167 -224.69107 0.012542852 -0.014866337 0.99992704 -0.031396966
0.89730871 0.44168806 -0.0014085103 220.92204 -0.44151476 0.89703381 0.024519544 -224.86143 0.012088677 -0.021371817 0.99981499 -0.032786012
0.89819908 0.43980151 -0.0081084929 221.24257 -0.43951297 0.89804369 0.02347522 -225.01709 0.017601106 -0.017514186 0.99980873 0.004456602
0.89896178 0.4382278 -0.00882365 221.4752 -0.43787122 0.89876157 0.026475292 -225.13773 0.019527227 -0.019928811 0.9997288 -0.036513787
0.89936316 0.43734047 -0.011534858 221.735 -0.4369432 0.89922857 0.025969049 -225.30417 0.021724222 -0.018307975 0.99971551 -0.066297665
0.89958501 0.43650591 -0.021539489 222.0314 -0.43596569 0.89971977 0.025385965 -225.44275 0.030454254 -0.013439345 0.99956608 -0.020491693
0.90114248 0.43302837 -0.026182387 222.4057 -0.43218485 0.90132761 0.032146681 -225.5558 0.037512161 -0.017645366 0.99926192 0.0091118477
0.89975452 0.43618581 -0.021047827 222.71255 -0.43540484 0.89974052 0.033170689 -225.67528 0.033399288 -0.0206731 0.99935019 -0.040768873
0.90011752 0.43553236 -0.018963175 222.98674 -0.43519256 0.90025026 0.019234352 -225.8006 0.025442963 -0.00905421 0.99975765 -0.030510291
0.90248364 0.43089789 -0.010506683 223.25549 -0.43062866 0.90241581 0.020465361 -225.98523 0.018294677 -0.01393841 0.99985754 -0.029253758
0.90264654 0.43049541 -0.012789107 223.43846 -0.43044618 0.90271616 0.0058777537 -226.13492 0.014070742 0.00020422718 1.0000231 -0.010905028
0.90170443 0.43244621 -0.013493473 223.77429 -0.43245807 0.90177423 0.0013853919 -226.30618 0.012762794 0.00459002 1.00003 -0.0023196521
0.90021199 0.43558824 -0.011979701 223.98218 -0.43546215 0.90026003 0.011154695 -226.3867 0.015638907 -0.0048197014 0.99998957 -0.056888171
0.90060532 0.43062395 -0.061141882 224.13867 -0.42918256 0.90263963 0.035562962 -226.38753 0.070492409 -0.0057808575 0.99762052 0.11921822
0.89772159 0.43390155 -0.078059755 224.38351 -0.43170655 0.9010697 0.043871991 -226.49271 0.089360267 -0.0056796204 0.99610883 0.19737823
0.89931571 0.43729296 -0.016572971 224.69939 -0.43692255 0.89936662 0.021461336 -226.71689 0.024284087 -0.012053374 0.99975795 -0.057465244
0.89762187 0.43914929 0.041153222 224.90506 -0.43914703 0.89849007 -0.0093289409 -226.8046 -0.041071296 -0.0096936747 0.99923438 -0.16935575
0.90273041 0.42896679 0.036628909 224.94608 -0.42828563 0.90342331 -0.024932459 -226.74323 -0.043784793 0.0068219295 0.99914366 -0.013458955
0.89850676 0.43862084 0.024032554 225.26344 -0.43812165 0.89874518 -0.023107078 -227.00087 -0.031733707 0.010234618 0.99957061 -0.058481634
0.89525962 0.4456144 0.014861233 225.54048 -0.44557706 0.89535558 -0.005338585 -227.20815 -0.01568643 -0.0018385694 1.0000024 -0.058418199
0.89886308 0.43832031 -0.014285964 225.61487 -0.43826544 0.89895165 0.0063322708 -227.10229 0.015613101 0.00057333749 1.0000041 -0.087143347
0.89605552 0.44170338 -0.047623005 225.82408 -0.44062749 0.89726639 0.031524748 -227.17928 0.056645617 -0.0072579463 0.9984951 0.0025383625
0.89397812 0.44418374 -0.061582591 225.98929 -0.44207847 0.89597666 0.045022998 -227.30412 0.075163282 -0.013018006 0.99721462 0.027558196
0.89612281 0.4411037 -0.051824912 226.22745 -0.43958399 0.89751983 0.038239501 -227.38516 0.063370839 -0.01147938 0.99805391 -0.048329316
0.89473116 0.44445902 -0.046984572 226.39963 -0.44342512 0.89590991 0.030928167 -227.54146 0.05583052 -0.0068325861 0.99854672 -0.031034762
0.8955003 0.44380969 -0.037544765 226.73807 -0.44267938 0.89614338 0.034653563 -227.67767 0.04901582 -0.014405367 0.99882424 -0.01173147
0.89513332 0.44431332 -0.040279843 227.04897 -0.4439429 0.89600927 0.017986177 -227.76941 0.044074178 0.0017859859 0.99915797 -0.058536857
0.89075398 0.45390189 -0.028814284 227.22493 -0.45386648 0.89117193 0.0078043612 -227.92476 0.029214164 0.0061291908 0.99968475 -0.039118353
0.89055961 0.4551495 -0.0065525761 227.48364 -0.45495564 0.89044702 0.019053048 -228.04688 0.014501197 -0.013980963 0.99992794 -0.026936283
0.89448273 0.44742367 -0.0037902549 227.78746 -0.44717276 0.89419752 0.02631798 -228.20294 0.015158699 -0.021839112 0.99977654 -0.063201644
0.89298803 0.44852623 -0.041210044 227.85378 -0.44837955 0.89388567 0.013023097 -228.28268 0.042670034 0.0068515139 0.99919605 -0.21234718
0.88686448 0.4462778 -0.12087824 228.00916 -0.44676203 0.89445454 0.024503356 -228.3438 0.11903914 0.032273814 0.99249709 0.040837165
0.89035374 0.45110306 -0.063886575 228.23148 -0.45236278 0.89194947 -0.0062087053 -228.50569 0.054173809 0.034427695 0.99806988 0.54870778
0.88770485 0.4599345 0.027357437 228.62741 -0.45819375 0.88744694 -0.052362014 -228.70441 -0.048359141 0.033944704 0.99838638 0.17433846
0.8922891 0.45048854 0.034509052 228.74593 -0.4500832 0.89292455 -0.018940687 -228.71147 -0.039346021 0.0013714832 0.99935764 -0.17977449
0.88800603 0.45617837 0.060473114 229.1144 -0.45590559 0.88996661 -0.018897856 -228.82953 -0.06243702 -0.010784582 0.99812376 -0.29405609
0.88463897 0.46533039 0.03457351 229.27773 -0.46449232 0.88522571 -0.029543802 -229.04044 -0.044351649 0.01007765 0.99909824 -0.18556042
0.88565397 0.46454185 -0.011466702 229.41605 -0.46467429 0.88539815 -0.019955629 -229.18823 0.00087906653 0.023002204 0.99986833 -0.08323282
0.88654459 0.46107763 -0.041966915 229.58081 -0.46126217 0.88738823 0.0055516292 -229.16287 0.039792791 0.014438288 0.99923652 0.035215534
0.8829931 0.4647854 -0.067931339 229.79787 -0.46375871 0.88556135 0.031034851 -229.12956 0.074569881 0.0041047442 0.99734026 0.093644232
0.88277203 0.46679288 -0.05602894 230.15874 -0.46647871 0.88446873 0.019233176 -229.27036 0.058523454 0.0091613028 0.99837786 0.021844409
0.88034469 0.47283435 -0.041784484 230.26353 -0.4730415 0.88117236 0.0052355141 -229.49905 0.039286733 0.015158889 0.99924755 -0.10013603
0.88058132 0.47280711 -0.03682895 230.34865 -0.47299793 0.88120419 0.0036981804 -229.64203 0.034194745 0.014165686 0.99944997 -0.18810613
0.88213712 0.46906754 -0.046255313 230.58571 -0.46894521 0.88326639 0.013994281 -229.73058 0.047410723 0.0093494495 0.99896729 -0.065713249
0.87927198 0.47380123 -0.052170713 230.77902 -0.47395152 0.88064301 0.010107026 -229.79593 0.050722983 0.015841741 0.9987219 0.0013373044
0.87743759 0.4769204 -0.054587536 231.03542 -0.47757709 0.8787412 0.0010065654 -229.87862 0.048439115 0.025187129 0.99864286 -0.0056184661
0.87804466 0.47650152 -0.048118234 231.33536 -0.47686476 0.87911993 0.0042305379 -230.06856 0.044308539 0.019232688 0.99896741 -0.10587502
0.87285161 0.48611984 -0.046361666 231.56244 -0.48655763 0.87380147 0.0019449575 -230.26947 0.041447695 0.020861024 0.99905807 -0.081087641
0.86952597 0.49064857 -0.059356492 231.8131 -0.49147722 0.87104714 0.00061648025 -230.42093 0.051994968 0.028636362 0.99837267 -0.014641603
0.8669439 0.49568659 -0.0551209 232.16092 -0.49632305 0.86829251 0.0023320897 -230.53682 0.049007528 0.025336506 0.99861383 -0.050927479
0.85850549 0.51022279 -0.054555837 232.45337 -0.51073569 0.85988289 0.0050633266 -230.75446 0.049485415 0.023517562 0.99863535 -0.067031406
0.85545826 0.51558936 -0.051909212 232.64633 -0.5164606 0.8564626 -0.0041307709 -230.9446 0.042319786 0.030342227 0.99878085 -0.039329413
0.85086542 0.52342093 -0.048945274 232.92699 -0.52434927 0.85163164 -0.0076585715 -231.18401 0.037666421 0.032179959 0.99891013 -0.05436486
0.84459352 0.53405857 -0.042202137 233.17148 -0.53498667 0.84490365 -0.014321665 -231.35118 0.028001003 0.034672141 0.99914461 -0.087507598
0.83962607 0.54198891 -0.040164273 233.50198 -0.54293406 0.83975512 -0.017664239 -231.50624 0.024147647 0.036636088 0.99917459 -0.10465935
0.83440816 0.5503673 -0.034588955 233.88361 -0.55117774 0.83428842 -0.021030214 -231.72302 0.017276902 0.036610566 0.99931729 -0.051918179
